# Normalized contribution matrix <C_{jk}>/<D> for omega classes 1-7
1.593954384286250525e-01,2.066743414123240474e-01,1.918213153614537758e-01,1.080892199867525688e-01,3.122794705981951982e-02,2.285462623934769559e-03,-1.207479270423813378e-05
2.066743414123240474e-01,3.148449726909960944e-01,3.090679182762507415e-01,1.797572177140820682e-01,5.354966685817508926e-02,4.430715474032025439e-03,-9.698713449749068473e-06
1.918213153614537758e-01,3.090679182762507415e-01,3.469221959808942435e-01,2.111752857885090540e-01,6.511039548019730006e-02,5.976817710949502982e-03,1.512759465805976719e-05
1.080892199867525688e-01,1.797572177140820682e-01,2.111752857885090540e-01,1.539665819741226072e-01,5.378679262410311634e-02,6.006050248414295835e-03,3.513497438112056075e-05
3.122794705981951982e-02,5.354966685817508926e-02,6.511039548019730006e-02,5.378679262410311634e-02,2.418261624811874830e-02,3.307899489803563589e-03,2.666023782300010908e-05
2.285462623934769559e-03,4.430715474032025439e-03,5.976817710949502982e-03,6.006050248414295835e-03,3.307899489803563589e-03,6.878902738634773894e-04,6.414923669952516899e-06
-1.207479270423813378e-05,-9.698713449749068473e-06,1.512759465805976719e-05,3.513497438112056075e-05,2.666023782300010908e-05,6.414923669952516899e-06,3.044033795698086733e-07
