,ω=1,ω=2,ω=3,ω=4,ω=5,ω=6,ω=7
ω=1,0.33366775583503133,0.19559564340365707,-0.10376019129684341,-0.06181209878661579,0.0035822520487779797,0.0008411020166262693,-4.946528541536842e-05
ω=2,0.19559564340365707,0.3857678714854178,0.0727719177298688,-0.07901243227714827,-0.006390176898515204,0.0006666938162480527,-7.419221327528019e-05
ω=3,-0.10376019129684341,0.0727719177298688,0.21778239232563373,0.015441944981160707,-0.01359638542408253,-0.0005366555295246306,1.9744630667061478e-05
ω=4,-0.06181209878661579,-0.07901243227714827,0.015441944981160707,0.05673278616465158,0.0005366954910917297,-0.000936348170187852,8.66916401270814e-06
ω=5,0.0035822520487779797,-0.006390176898515204,-0.01359638542408253,0.0005366954910917297,0.00573742252054724,-4.977334950893959e-05,-9.97629725471426e-07
ω=6,0.0008411020166262693,0.0006666938162480527,-0.0005366555295246306,-0.000936348170187852,-4.977334950893959e-05,0.0003113231625485321,8.396565494094181e-08
ω=7,-4.946528541536842e-05,-7.419221327528019e-05,1.9744630667061478e-05,8.66916401270814e-06,-9.97629725471426e-07,8.396565494094181e-08,4.4850616971964296e-07
