{"Larch": [["1.3239112749499321348411554522019122144615146866087", "-0.0086083702903418849129407964749757196334499476481996", "-0.0090859022588058634998642543608178913320735896985513", "-0.0096194931189395640922387119074811865228872635980519", "-0.010219622822495469974501960958852587649174250530093", "-0.010899555042523416236573332329058762994998649690444", "-0.011676326324899566803539334899436304099268003683687", "-0.012572188816757192406514186784529994983043991048957", "-0.013616768984744851360607794863366820852961287299571", "-0.014850393595394235245760229217890974661381798732393", "-0.016329390815554202045081818739719524467940180276506", "-0.018134881814519908917104472653006949223001703268386", "-0.020388066327802791634529674851072702472495443169912", "-0.023278360537260481218226860973548097110532254839766", "-0.027118974762120492014168636991398707197973799568664", "-0.032466931094062216657241140303334262985546032189354", "-0.040414289479065301213713082366669654047983710326731", "-0.053416348493217820755908469952276758707341958965513", "-0.078235845993709902103252910835117157134543804068772", "-0.13903241042987347878850302350040819593625883134176", "0.020685428906190037489154391634819798150803696846312", "0.16519204544834274269274919580478798327719360330219", "0.10162101746065362442839673001931367065699710668593", "0.075456307853578454452896506720934644524215703315922", "0.061418574496360263291066040969146099616661968295008", "0.052576844906341389976991710797712234832613534267712", "0.04642626165066493799094371474124514718476081030053", "0.041853179378962509459374994742552488461817303213683", "0.038288355435044107113590420128773726989360471138979", "0.035410374351976568884631891881926495430522986544991", "0.033023702146771450667233128426332905690384989220585", "0.031002280600198374734774765430768087031760776207871", "0.029260978378923759701594938259366452901744942882783", "0.027740075089845510497326514329833390633741085187733", "0.026396326888147026481982696317335580900816349881018", "0.025197569470291959449972637915373878314489746351563", "0.024119323542710649429560653034116729906356802110357", "0.023142584746065410590348427057168526637859720666125", "0.0222523410727687691201553730030112554920077645592", "0.021436551962511368832797857996609426811938405679505", "0.020685428906190037489154391634819798150803696846312"], ["-0.0086083702903418849129407964749757196334499476481996", "1.2717277254303553363364803034027088955243465995466", "-0.0095634342272698420867877122466600630306972317489029", "-0.010125054533238403681887669623733919967605921572978", "-0.010756706999879998328355682453478210321082351490724", "-0.011472351230568799067481466292579523835385825201005", "-0.012289917531811103181659042584328420992431614890784", "-0.01323282523782641032210975183612237420797633161575", "-0.01433225451251670371027450891885126388432005010691", "-0.015630646508525779037362658310755381539873280117917", "-0.017187281985022237281986376769135502782883539457429", "-0.019087532966937711317520840270810072181956878830404", "-0.021458947785753783154674118339808791821499579126431", "-0.024500859724503697577000699681762461900289113772396", "-0.028542867413795769483493855492662013933706403562546", "-0.034171114008613668924691164862502730367838609656579", "-0.0425346840916468623004312347594492496756192945053", "-0.056216847130897566746093949544608073649460209672845", "-0.082331579858613903114447741091596065222843442681746", "-0.14627819043762523400381203611293222239752599154696", "0.022227207811270664984001506798493246455238099188128", "0.17388206623527697407303369541877616842272578084971", "0.10687003592498674392084137413808935590892315689231", "0.079277429587393015333161838684385115622291414723382", "0.064463224269695139299935903466716613497101616814278", "0.055126228872869859764072231934074232935366179347541", "0.048627646928305210907099095189893981857489240618479", "0.04379400821239729385831021748168818877317373593914", "0.040025271202650995707165650373357039827242338501467", "0.036982472374916513663116630751815860254236305623319", "0.03445929085149949672172188445741251346017240083675", "0.032322635629883050056365284160959547253934467003074", "0.030482570271480715979483187766925877822235100641847", "0.028875964007976366603897367792483675329590804963856", "0.027457075287495175312131893068617741523066843745539", "0.026191861816192954872411268338619454724723266763321", "0.025054400509369293267917837305805085607494137817744", "0.024024555719298946576550905488616977923173878119301", "0.023086414352852840850779593799713606171074189213454", "0.022227207811270664984001506798493246455238099188128", "0.021436551962511368832797857996609426811938405679505"], ["-0.0090859022588058634998642543608178913320735896985513", "-0.0095634342272698420867877122466600630306972317489029", "1.2166180937801212512628307609728803548361748935185", "-0.010686674839206965276987627000807776904514611397053", "-0.011353343386185076449139667556887283966274911361634", "-0.012108656898335118061046050974552677436948689685039", "-0.012971538357946418455376875168745510482865210676255", "-0.01396670343993772396917415975401483644343215158912", "-0.015127057893391180647522308364216464026590519833245", "-0.016497391120133770030301936319911855612612715599204", "-0.018140262954741286681386209834444932751906827920994", "-0.020145766160234141232046743384604517643207950728349", "-0.022648499141602177261462758949123664700579813864184", "-0.025858807496979502621565516721317225433888375774532", "-0.030124486846006263433219367429828843175623834547016", "-0.036064012453332424835299122756029089393772561803323", "-0.044889773367673792315691486367505620150256584702186", "-0.059327074657806081723381032031137941024044408201108", "-0.086879588960572906928676492894404565359852580865049", "-0.15432023492058731588128405516388940824263356565273", "0.023993354591189582043489796745446208093345617573519", "0.18353709257541101702881376950643070692027436046016", "0.11269170943259957322122282845732682685590417632437", "0.083507946911900770448397531585863457462909921698253", "0.067828072383193547544786976908233735157456109930786", "0.057938822920702020714109620811497463194760240699561", "0.051052275309787504781844378833083733727830343633787", "0.045928305909983979296114134670822118845328574646662", "0.041932529103801797160779241243357697629470783511097", "0.038706394841664156468668643455463116672196807007475", "0.036031531032884115964882941482557962620560602000523", "0.033766982866336598061301594381911947608576939373832", "0.031817437088105734581692217767378742517332845054872", "0.030115944596210115271338821987294763663793644857816", "0.028613966209831582105848130734720172915371971104741", "0.027275355635691827507538510174537015868826918233388", "0.026072572119270444307762118174995237038029178099116", "0.02498421257491519768121772313819632195042733840125", "0.023993354591189582043489796745446208093345617573519", "0.023086414352852840850779593799713606171074189213454", "0.0222523410727687691201553730030112554920077645592"], ["-0.0096194931189395640922387119074811865228872635980519", "-0.010125054533238403681887669623733919967605921572978", "-0.010686674839206965276987627000807776904514611397053", "1.1582283797705268880967395724077679837308490388574", "-0.012020011933163187621291708112966791028035211326215", "-0.012819647927899194453075262961425127703165728829031", "-0.013733159530859569514839957891391421675648743769322", "-0.014786710590120413642220792942316601328161536637136", "-0.016015134504228023721629244636898201451005701520483", "-0.017465843833621570822520987873095868730629066299563", "-0.019205061256960475453443150239250240730105715995843", "-0.021328152575362538226429132932579110235544618144761", "-0.023977590730757200815293329165603207789031503027198", "-0.02737602076275675635602330569336817028682575221228", "-0.031891560664806199629240434741558031018451945742467", "-0.038178790587842879798491747402297532101210724337179", "-0.047520780946786625164822552472636223476852121110273", "-0.062801388930563161469551989533304381318296536544255", "-0.091959116568663969705455750620644351256875112162915", "-0.16329733242567358779405258192408201020126600029371", "0.026033356322389378944694351083461148387337395748259", "0.19432730187622312715691384709016617824387374778556", "0.11918530860479991735270758927091285863276832304655", "0.088217677999456157234666789515197019181281148353018", "0.071566869869974524345823862808664283350883287136873", "0.061058163727970610986432222984784065017454552158498", "0.053736577490178568697445770391079016798801863417736", "0.04828726344120026865332670807380669783490537406515", "0.044037297261522147658289915973124316610830199307423", "0.040606128290928430381963115396088920271301092330726", "0.037761834954072674529396666241201138158526350644878", "0.035354613498677439609097638002723366341187351901363", "0.033283096120082034576819108966281725945672412518731", "0.031476031910724017956283036953564848349403920066311", "0.029881728824316696537552510016511397103110247959637", "0.028461669088032414782054951961266540642993841034339", "0.027186488693769759749724231665171085945378989902031", "0.026033356322389378944694351083461148387337395748259", "0.02498421257491519768121772313819632195042733840125", "0.024024555719298946576550905488616977923173878119301", "0.023142584746065410590348427057168526637859720666125"], ["-0.010219622822495469974501960958852587649174250530093", "-0.010756706999879998328355682453478210321082351490724", "-0.011353343386185076449139667556887283966274911361634", "-0.012020011933163187621291708112966791028035211326215", "1.0961350476801841690198346285856016818303343988167", "-0.013619283922635201284858817809883464378296246331848", "-0.014589733329707760461614082780603736999455509990875", "-0.015708943475772822315863821218766538094870311740777", "-0.01701391514699423274671362876788105405674832406905", "-0.018555010213713247462766843825121684271147837294232", "-0.020402569477593356758801723926964149013784133440781", "-0.022657886952819588312877336478238012979474533404553", "-0.025472288080456452464543531797182759884156039489821", "-0.029082243966044930659882372091190545760024701199621", "-0.033878715537970500830035307404417155017493619184093", "-0.040556861374631942723691750974054872198772134610903", "-0.050479178364588578293450122835942009514253530258944", "-0.066707648699593928688648934257945734417547407714873", "-0.097669052614056882711467467942621319844649390794108", "-0.17338248712517428113890330684482302481281471955821", "0.028411691838361414355068479783237894600798183690413", "0.20646537915912820449680829151387988231869192185096", "0.12647449307913120096237421690335061694725740828949", "0.093493345890646649069190920969310903929139904125609", "0.075746213960131409944179641354745837069829212060028", "0.064538076854691268062990505418010296257715969467293", "0.05672551337305773943920656486853564442729445772428", "0.050909318892259549360918813125405545176772356038687", "0.046373018477967369961605816976711446095782924750491", "0.042711173899892095102093308336451148723274544477004", "0.03967652137281251538134621910097682774262487225915", "0.03710922925541227765466761378478596476226966905794", "0.034901064264840792512465923861969172980447684798908", "0.032975895491547714700337338507583180741729407355709", "0.031278453516232692676180650620827336707481763269166", "0.029767529766135498730550005512048261019478649175002", "0.028411691838361414355068479783237894600798183690413", "0.027186488693769759749724231665171085945378989902031", "0.026072572119270444307762118174995237038029178099116", "0.025054400509369293267917837305805085607494137817744", "0.024119323542710649429560653034116729906356802110357"], ["-0.010899555042523416236573332329058762994998649690444", "-0.011472351230568799067481466292579523835385825201005", "-0.012108656898335118061046050974552677436948689685039", "-0.012819647927899194453075262961425127703165728829031", "-0.013619283922635201284858817809883464378296246331848", "1.0298252571443117633616985170510481989615349689697", "-0.015560182736780319638369347751324009620614773649903", "-0.016753773252341632831366322923208074953157344445241", "-0.018145458888447243233998565753880250616232349981451", "-0.019788941786482759007243850328931239244360735034829", "-0.021759226588584987853590305150380285940881710862568", "-0.024164320791183652817547089589630437746337581250004", "-0.027165574388716631204498490938225516384993152798103", "-0.031015113971471146831760316376353930932740758058092", "-0.036129763495229978557277139581587565088515549501009", "-0.043250619119831616867575044290472012980819723438809", "-0.053830077859311612566958423292856422708431465161408", "-0.071131679097673822638964777295284256920818337830125", "-0.10413441943647393512889890256821653949590732498351", "-0.18479414449678421541419219891874727912956603907438", "0.031213756889094522064396966289445985199404479025231", "0.22022067060173841735816248584661509148725368236239", "0.13471530349099981285927027776883497467228997620839", "0.099444047546940085199971462012599479946219690262135", "0.080449661217119126324655349731831589777625288817495", "0.06844594489355759153038297157940498428951658025725", "0.060075265625233593759400154519888935322798776965047", "0.053842437202027492572090523622464136520184565237348", "0.04898137945190661218971297501091122481204723653668", "0.045058276309164065784882980259215090935839994094039", "0.04180835358463042404799442057741123942746171700279", "0.039060325916106411460034014999965558190752973496009", "0.036698114197710273764218692072037789178919682248195", "0.034640009042054247414094344090349846638873180701693", "0.032826651358952275226561321946024260882853418772649", "0.031213756889094522064396966289445985199404479025231", "0.029767529766135498730550005512048261019478649175002", "0.028461669088032414782054951961266540642993841034339", "0.027275355635691827507538510174537015868826918233388", "0.026191861816192954872411268338619454724723266763321", "0.025197569470291959449972637915373878314489746351563"], ["-0.011676326324899566803539334899436304099268003683687", "-0.012289917531811103181659042584328420992431614890784", "-0.012971538357946418455376875168745510482865210676255", "-0.013733159530859569514839957891391421675648743769322", "-0.014589733329707760461614082780603736999455509990875", "-0.015560182736780319638369347751324009620614773649903", "0.95866944750417636408786801238016773073801149803159", "-0.017947363767902946024363298095092140285699915240579", "-0.019438096964280705031813174755158371114041138147225", "-0.021198528136383572130202017854800315785609388829804", "-0.023308987551536154907395544500144355020948445165734", "-0.025885148402064319453382637957291723371482142770024", "-0.029099806330706016465520014802709100845722882656136", "-0.033222961290712693573673311894215348263044470116405", "-0.038700961090036185922140613560370509522003146482397", "-0.046327334273503983226375677239266235576398051193132", "-0.057657067371564741859817330847009664017213134312558", "-0.076183633312300504729927998162917006675382298210146", "-0.11151560582811506975310969880295758365218170426131", "-0.19781214155524605355079395670085676139948536718395", "0.034554752576657010757451703006643841972262997073455", "0.23593939415763966649126460808647769822777824609654", "0.14410752138023607114037275436384491119059652307453", "0.10620900226951187371987386258694792050897465872755", "0.085783541436780206655934499592006900855305292287906", "0.072867320031996428960317304175759141863734019936574", "0.063857038043334289429288629633449582569969454495795", "0.057147323865780245534493374640263572050698819470074", "0.051915086824119654545534898772831008195350055181525", "0.047693861485074691238067864085760269220903244865515", "0.044198709264689205034926244257775208137798237446653", "0.041245146262221880703970149510017140903207683381846", "0.038708048695190681202779770526782473748132545936584", "0.036499275404233305453074480825226656129965327159159", "0.034554752576657010757451703006643841972262997073455", "0.032826651358952275226561321946024260882853418772649", "0.031278453516232692676180650620827336707481763269166", "0.029881728824316696537552510016511397103110247959637", "0.028613966209831582105848130734720172915371971104741", "0.027457075287495175312131893068617741523066843745539", "0.026396326888147026481982696317335580900816349881018"], ["-0.012572188816757192406514186784529994983043991048957", "-0.01323282523782641032210975183612237420797633161575", "-0.01396670343993772396917415975401483644343215158912", "-0.014786710590120413642220792942316601328161536637136", "-0.015708943475772822315863821218766538094870311740777", "-0.016753773252341632831366322923208074953157344445241", "-0.017947363767902946024363298095092140285699915240579", "0.8818824020937069881714103975263654519550608123938", "-0.020928830160658464039263051415224601942382361053871", "-0.022824110320623885183121377734654403535564125624416", "-0.025096195479413891201739626635161759932697955140786", "-0.027869594560604662810637472922841619142927699652385", "-0.031330294843266630553751358144232492957727476139248", "-0.035768894211180984831891647527402549592601895929043", "-0.041665760707483791621823087198267419412903608088371", "-0.049874830586704112876627224632287997487735318187201", "-0.062069256660860496952645556708333833320714603098333", "-0.082007260266740260600484468169699493314350536507102", "-0.12002180965177071736481391704912716941277095780865", "-0.21280087303752464584466317825133714649230082151257", "0.038593376910853930509899010783700455992106298020688", "0.25407416258089271024238088709944697240731240047776", "0.15491118039011200561802182452777404795568295229554", "0.11396877514685029995388868512957542430864181960056", "0.091885359389996862695952017103012726804776186848405", "0.077912580243101949792799559857473101983147016335305", "0.068162532875504670242638731092846515351846789745078", "0.060902058247464405112436208277031357667518756205607", "0.055241870185644540286958622433208300980161958534958", "0.050677553542028220204542007821253560562112479415792", "0.046900712440019298559243180881812918938819896259141", "0.04371150084681041515098404316023002761941216665778", "0.04097426519371442629186549327165745830948584438367", "0.038593376910853930509899010783700455992106298020688", "0.036499275404233305453074480825226656129965327159159", "0.034640009042054247414094344090349846638873180701693", "0.032975895491547714700337338507583180741729407355709", "0.031476031910724017956283036953564848349403920066311", "0.030115944596210115271338821987294763663793644857816", "0.028875964007976366603897367792483675329590804963856", "0.027740075089845510497326514329833390633741085187733"], ["-0.013616768984744851360607794863366820852961287299571", "-0.01433225451251670371027450891885126388432005010691", "-0.015127057893391180647522308364216464026590519833245", "-0.016015134504228023721629244636898201451005701520483", "-0.01701391514699423274671362876788105405674832406905", "-0.018145458888447243233998565753880250616232349981451", "-0.019438096964280705031813174755158371114041138147225", "-0.020928830160658464039263051415224601942382361053871", "0.79846641185639696796067270680321623875582505137329", "-0.024719390480589306326979704054084205128745890194961", "-0.027179878138791604782977914245130338927855752184243", "-0.030183182693920062401095613425380624876442812518557", "-0.033930661013918672182373434826484465711563754910592", "-0.038736907021285488990417366749838139122645802904077", "-0.045121915798621346218916426495441222324657149260787", "-0.054009973504710634139107820806154196851357169206248", "-0.067211809973385751066818369869972487243006133353891", "-0.088793752500749349107286847809085592355680333779683", "-0.12993110760088194269736900361251742615980981748413", "-0.23024378602633066237242682614552919599683886337245", "0.043553560833479963388995849300277544153313686276901", "0.27522823894562741595635349775442170889575045905712", "0.16747118114373846773639931566655966580554476039192", "0.12296194883401755088676546756589542605871009831085", "0.098936246236912820616902958885402559851473596092297", "0.083726780855087856488803242873514143390531097358198", "0.073112053044180399924966607898850466312637298122797", "0.065208947111049819278315116681886934489092499219264", "0.0590504052029596905032697061256299461262891745144", "0.054087381337394252787580343975371568300421757533395", "0.049983873467322833222811645986223715342510907955187", "0.046521950021048192507081742924380228904707580906113", "0.043553560833479963388995849300277544153313686276901", "0.04097426519371442629186549327165745830948584438367", "0.038708048695190681202779770526782473748132545936584", "0.036698114197710273764218692072037789178919682248195", "0.034901064264840792512465923861969172980447684798908", "0.033283096120082034576819108966281725945672412518731", "0.031817437088105734581692217767378742517332845054872", "0.030482570271480715979483187766925877822235100641847", "0.029260978378923759701594938259366452901744942882783"], ["-0.014850393595394235245760229217890974661381798732393", "-0.015630646508525779037362658310755381539873280117917", "-0.016497391120133770030301936319911855612612715599204", "-0.017465843833621570822520987873095868730629066299563", "-0.018555010213713247462766843825121684271147837294232", "-0.019788941786482759007243850328931239244360735034829", "-0.021198528136383572130202017854800315785609388829804", "-0.022824110320623885183121377734654403535564125624416", "-0.024719390480589306326979704054084205128745890194961", "0.707125610906631717553744407694068042484394441378", "-0.029640365796993903238976124436176472726965614173525", "-0.032915078800585440438153568111028834750291273680355", "-0.037001084525028460800838011750617885905836376482469", "-0.042241286156459534656276782423776622621120781081356", "-0.049202420862227754197303770983712625763839401073953", "-0.058891737342064188774462506931499195471792382374796", "-0.073282155615213814601081036415099384687900453805167", "-0.096803047753269354454825240778460765759047139227774", "-0.14162129839202556896074559245234333960770580940515", "-0.2507962255809047979769715383546736950836481606902", "0.049760192771122624272266354150674066815319102319798", "0.30022387473114547614663126457179720173112515482813", "0.18225507126868675804896693256814765587741327197553", "0.13351061592791804068774726553875111400067124034698", "0.10717995535141296241316180308136834418348822851145", "0.09050466656356767916478967705648904017298590908027", "0.078866843839755088528022273307846623456248073906195", "0.070204965866140881811942606722774220023416854186721", "0.063459341817883321915388096135088585666027862130682", "0.058027719928293430743308346376844356971880139919813", "0.053541171750556744629944567416714568698285041200432", "0.049760192771122624272266354150674066815319102319798", "0.046521950021048192507081742924380228904707580906113", "0.04371150084681041515098404316023002761941216665778", "0.041245146262221880703970149510017140903207683381846", "0.039060325916106411460034014999965558190752973496009", "0.03710922925541227765466761378478596476226966905794", "0.035354613498677439609097638002723366341187351901363", "0.033766982866336598061301594381911947608576939373832", "0.032322635629883050056365284160959547253934467003074", "0.031002280600198374734774765430768087031760776207871"], ["-0.016329390815554202045081818739719524467940180276506", "-0.017187281985022237281986376769135502782883539457429", "-0.018140262954741286681386209834444932751906827920994", "-0.019205061256960475453443150239250240730105715995843", "-0.020402569477593356758801723926964149013784133440781", "-0.021759226588584987853590305150380285940881710862568", "-0.023308987551536154907395544500144355020948445165734", "-0.025096195479413891201739626635161759932697955140786", "-0.027179878138791604782977914245130338927855752184243", "-0.029640365796993903238976124436176472726965614173525", "0.60613190450047838254279621639243292116975083061551", "-0.036189791804176977637331011785881196773616933187184", "-0.040681443889045739581768955407838592495271757636941", "-0.0464415929429480784620436684196433392525058367173", "-0.05409293462853621693688568262059666402305784779906", "-0.06474201165107824588155978343056374002075773601505", "-0.080555787251583799828098521744919870014722927077108", "-0.10639771660416584748566082882735852190648735709267", "-0.1556189149664045271759667759543641979677983338091", "-0.2753690988902282307256376954567289420121684436365", "0.05770024862793427702339060200935912076954757396913", "0.33021153296097632881805011811797662668186067928282", "0.19991302435749347982296218731850799992777817915462", "0.14606069144521895945134137245989938990279715223317", "0.11695283543344202424545736933262154539137778870323", "0.098514335387605117991707397156000074366316010630523", "0.085648544442051900513459673166848066967698929411177", "0.076078220669854692697290767379183084302851117031441", "0.068631547796487612201741663944603311132305277480916", "0.062641829703308553584481213261740190113924653293147", "0.05770024862793427702339060200935912076954757396913", "0.053541171750556744629944567416714568698285041200432", "0.049983873467322833222811645986223715342510907955187", "0.046900712440019298559243180881812918938819896259141", "0.044198709264689205034926244257775208137798237446653", "0.04180835358463042404799442057741123942746171700279", "0.03967652137281251538134621910097682774262487225915", "0.037761834954072674529396666241201138158526350644878", "0.036031531032884115964882941482557962620560602000523", "0.03445929085149949672172188445741251346017240083675", "0.033023702146771450667233128426332905690384989220585"], ["-0.018134881814519908917104472653006949223001703268386", "-0.019087532966937711317520840270810072181956878830404", "-0.020145766160234141232046743384604517643207950728349", "-0.021328152575362538226429132932579110235544618144761", "-0.022657886952819588312877336478238012979474533404553", "-0.024164320791183652817547089589630437746337581250004", "-0.025885148402064319453382637957291723371482142770024", "-0.027869594560604662810637472922841619142927699652385", "-0.030183182693920062401095613425380624876442812518557", "-0.032915078800585440438153568111028834750291273680355", "-0.036189791804176977637331011785881196773616933187184", "0.49310549502964159985093592260345940733650779630686", "-0.045173095973914501526206899029795988216926582086697", "-0.051567493512333628874399996736524410491950288482358", "-0.060060648903322630036737239565501819772871486003018", "-0.071880066612803562942616976341734375832542936722016", "-0.089428986341065164266252023736727604662944125855092", "-0.11809903740416399246038246500093807609529909441025", "-0.17268021827529417711005759940700462670982424818366", "-0.30526651227598463736167603091558491016698738244266", "0.068132475342613305319026336875496933829899185875387", "0.36685166543749165946358823110836240902740844052982", "0.22137691673582715777389793269163429053699591664024", "0.1612482317160019542087307378137144387924983260182", "0.12873303752864348592874878326481406401945430577173", "0.10813605875844669625092442636613445087631122090322", "0.093771100191800492390179052163696684550453320251068", "0.083094971449481672093204628576999601870130370170105", "0.07479750894946788219227535075227887042088893693198", "0.068132475342613305319026336875496933829899185875387", "0.062641829703308553584481213261740190113924653293147", "0.058027719928293430743308346376844356971880139919813", "0.054087381337394252787580343975371568300421757533395", "0.050677553542028220204542007821253560562112479415792", "0.047693861485074691238067864085760269220903244865515", "0.045058276309164065784882980259215090935839994094039", "0.042711173899892095102093308336451148723274544477004", "0.040606128290928430381963115396088920271301092330726", "0.038706394841664156468668643455463116672196807007475", "0.036982472374916513663116630751815860254236305623319", "0.035410374351976568884631891881926495430522986544991"], ["-0.020388066327802791634529674851072702472495443169912", "-0.021458947785753783154674118339808791821499579126431", "-0.022648499141602177261462758949123664700579813864184", "-0.023977590730757200815293329165603207789031503027198", "-0.025472288080456452464543531797182759884156039489821", "-0.027165574388716631204498490938225516384993152798103", "-0.029099806330706016465520014802709100845722882656136", "-0.031330294843266630553751358144232492957727476139248", "-0.033930661013918672182373434826484465711563754910592", "-0.037001084525028460800838011750617885905836376482469", "-0.040681443889045739581768955407838592495271757636941", "-0.045173095973914501526206899029795988216926582086697", "0.36463555565634603404592603147708608500630792360026", "-0.057961891050752756222593094443252832766973994878019", "-0.067504425368026694292002409833354735550843937961178", "-0.080782390159099916748087002112380505037748388267122", "-0.10049295893285282995126330491346050877444851179719", "-0.13268422569021389064721757819516649367097359687496", "-0.19393140532552412304069938280320606645864052586649", "-0.34242271460485179962388590689926904187413892535065", "0.082295671757179281174680491363658549085752406870647", "0.41263219448320345512912102334593556427677899859833", "0.24803191800680132370390841586377731841238816651293", "0.1800138069605398138209977957085790230660824085732", "0.14322521532052331821666175678936490170581937975993", "0.11992907066093601915685760524274448465271412882552", "0.10369568563220870624134947724894616117669474184662", "0.091646175944374750334498730417452641209267500320558", "0.082295671757179281174680491363658549085752406870647", "0.07479750894946788219227535075227887042088893693198", "0.068631547796487612201741663944603311132305277480916", "0.063459341817883321915388096135088585666027862130682", "0.0590504052029596905032697061256299461262891745144", "0.055241870185644540286958622433208300980161958534958", "0.051915086824119654545534898772831008195350055181525", "0.04898137945190661218971297501091122481204723653668", "0.046373018477967369961605816976711446095782924750491", "0.044037297261522147658289915973124316610830199307423", "0.041932529103801797160779241243357697629470783511097", "0.040025271202650995707165650373357039827242338501467", "0.038288355435044107113590420128773726989360471138979"], ["-0.023278360537260481218226860973548097110532254839766", "-0.024500859724503697577000699681762461900289113772396", "-0.025858807496979502621565516721317225433888375774532", "-0.02737602076275675635602330569336817028682575221228", "-0.029082243966044930659882372091190545760024701199621", "-0.031015113971471146831760316376353930932740758058092", "-0.033222961290712693573673311894215348263044470116405", "-0.035768894211180984831891647527402549592601895929043", "-0.038736907021285488990417366749838139122645802904077", "-0.042241286156459534656276782423776622621120781081356", "-0.0464415929429480784620436684196433392525058367173", "-0.051567493512333628874399996736524410491950288482358", "-0.057961891050752756222593094443252832766973994878019", "0.2155793725174274559169422023993891812202769624857", "-0.077046959685300632361411725223456638334713881044338", "-0.092192639713273497010833955946944341173135584961674", "-0.11466998156021952119415337507019640077694001743692", "-0.15136480935007917425337369913314490889697349737419", "-0.22112530818047839640432064047519671319697383206419", "-0.38983285186386830685743470897527174339199974709609", "0.10233246644402671508857671790750303220757046426331", "0.47145645517494798154808528806958411390724812278287", "0.28203123012430733258463080589789177965453951777859", "0.20381137676166907082535688472376220864938804891832", "0.1615149522633665977111394705377846957488005956361", "0.13475331747024341710514516354991092777102147246748", "0.11613088383859035720011429045603839148005387544083", "0.10233246644402671508857671790750303220757046426331", "0.091646175944374750334498730417452641209267500320558", "0.083094971449481672093204628576999601870130370170105", "0.076078220669854692697290767379183084302851117031441", "0.070204965866140881811942606722774220023416854186721", "0.065208947111049819278315116681886934489092499219264", "0.060902058247464405112436208277031357667518756205607", "0.057147323865780245534493374640263572050698819470074", "0.053842437202027492572090523622464136520184565237348", "0.050909318892259549360918813125405545176772356038687", "0.04828726344120026865332670807380669783490537406515", "0.045928305909983979296114134670822118845328574646662", "0.04379400821239729385831021748168818877317373593914", "0.041853179378962509459374994742552488461817303213683"], ["-0.027118974762120492014168636991398707197973799568664", "-0.028542867413795769483493855492662013933706403562546", "-0.030124486846006263433219367429828843175623834547016", "-0.031891560664806199629240434741558031018451945742467", "-0.033878715537970500830035307404417155017493619184093", "-0.036129763495229978557277139581587565088515549501009", "-0.038700961090036185922140613560370509522003146482397", "-0.041665760707483791621823087198267419412903608088371", "-0.045121915798621346218916426495441222324657149260787", "-0.049202420862227754197303770983712625763839401073953", "-0.05409293462853621693688568262059666402305784779906", "-0.060060648903322630036737239565501819772871486003018", "-0.067504425368026694292002409833354735550843937961178", "-0.077046959685300632361411725223456638334713881044338", "0.037654436174437057074193776869224083944199967124491", "-0.10733831974124636166025618667043204401155728887901", "-0.1334814924976789656105241999935662819980530856332", "-0.17613742590500535488402769043637433241772670281748", "-0.25714489530427283741504786928813173191253881981915", "-0.45239003029958184175663930572563476440345692030644", "0.13222903746558127299690812509599631063128452181459", "0.5498140858692692121065848613971613642275284090439", "0.32691600385050832820288612228806033190319619263146", "0.23501785858911014895722006360678652498095493002528", "0.18537114345823332071839459011390882915715204330415", "0.15400788812074742160210488071112616105336105005946", "0.13222903746558127299690812509599631063128452181459", "0.11613088383859035720011429045603839148005387544083", "0.10369568563220870624134947724894616117669474184662", "0.093771100191800492390179052163696684550453320251068", "0.085648544442051900513459673166848066967698929411177", "0.078866843839755088528022273307846623456248073906195", "0.073112053044180399924966607898850466312637298122797", "0.068162532875504670242638731092846515351846789745078", "0.063857038043334289429288629633449582569969454495795", "0.060075265625233593759400154519888935322798776965047", "0.05672551337305773943920656486853564442729445772428", "0.053736577490178568697445770391079016798801863417736", "0.051052275309787504781844378833083733727830343633787", "0.048627646928305210907099095189893981857489240618479", "0.04642626165066493799094371474124514718476081030053"], ["-0.032466931094062216657241140303334262985546032189354", "-0.034171114008613668924691164862502730367838609656579", "-0.036064012453332424835299122756029089393772561803323", "-0.038178790587842879798491747402297532101210724337179", "-0.040556861374631942723691750974054872198772134610903", "-0.043250619119831616867575044290472012980819723438809", "-0.046327334273503983226375677239266235576398051193132", "-0.049874830586704112876627224632287997487735318187201", "-0.054009973504710634139107820806154196851357169206248", "-0.058891737342064188774462506931499195471792382374796", "-0.06474201165107824588155978343056374002075773601505", "-0.071880066612803562942616976341734375832542936722016", "-0.080782390159099916748087002112380505037748388267122", "-0.092192639713273497010833955946944341173135584961674", "-0.10733831974124636166025618667043204401155728887901", "-0.18371033700484148991129758844475780128867160460811", "-0.1596246652541115695607922133167005199845488823874", "-0.21053697898688485149591344231934547662081140978671", "-0.30708042049194832933331176349403162787953266346586", "-0.5386529579391657117807350854894354445014318281633", "0.18014250890694679992834098744928198155985288395331", "0.65933948680435514106772503607509359893404269203105", "0.3889523357921875696119064521392735284624466899901", "0.27781238088040471278440459489143884610501895738831", "0.21789441714706439653824467642328003728700863576894", "0.18014250890694679992834098744928198155985288395331", "0.15400788812074742160210488071112616105336105005946", "0.13475331747024341710514516354991092777102147246748", "0.11992907066093601915685760524274448465271412882552", "0.10813605875844669625092442636613445087631122090322", "0.098514335387605117991707397156000074366316010630523", "0.09050466656356767916478967705648904017298590908027", "0.083726780855087856488803242873514143390531097358198", "0.077912580243101949792799559857473101983147016335305", "0.072867320031996428960317304175759141863734019936574", "0.06844594489355759153038297157940498428951658025725", "0.064538076854691268062990505418010296257715969467293", "0.061058163727970610986432222984784065017454552158498", "0.057938822920702020714109620811497463194760240699561", "0.055126228872869859764072231934074232935366179347541", "0.052576844906341389976991710797712234832613534267712"], ["-0.040414289479065301213713082366669654047983710326731", "-0.0425346840916468623004312347594492496756192945053", "-0.044889773367673792315691486367505620150256584702186", "-0.047520780946786625164822552472636223476852121110273", "-0.050479178364588578293450122835942009514253530258944", "-0.053830077859311612566958423292856422708431465161408", "-0.057657067371564741859817330847009664017213134312558", "-0.062069256660860496952645556708333833320714603098333", "-0.067211809973385751066818369869972487243006133353891", "-0.073282155615213814601081036415099384687900453805167", "-0.080555787251583799828098521744919870014722927077108", "-0.089428986341065164266252023736727604662944125855092", "-0.10049295893285282995126330491346050877444851179719", "-0.11466998156021952119415337507019640077694001743692", "-0.1334814924976789656105241999935662819980530856332", "-0.1596246652541115695607922133167005199845488823874", "-0.47749126110569217512114503757812028645665327606102", "-0.26144929271965813343103467132199043325707393718602", "-0.38080829811086670921957153858269718182702455400509", "-0.66499572216751709252071604288034708600705947675527", "0.26508430244721139230062428764077760694595332553849", "0.82313231721604848319342847415160789602261708240861", "0.48038183596657075947402288458077694331787509787241", "0.34030338747104989597657555569075708599409900987641", "0.26508430244721139230062428764077760694595332553849", "0.21789441714706439653824467642328003728700863576894", "0.18537114345823332071839459011390882915715204330415", "0.1615149522633665977111394705377846957488005956361", "0.14322521532052331821666175678936490170581937975993", "0.12873303752864348592874878326481406401945430577173", "0.11695283543344202424545736933262154539137778870323", "0.10717995535141296241316180308136834418348822851145", "0.098936246236912820616902958885402559851473596092297", "0.091885359389996862695952017103012726804776186848405", "0.085783541436780206655934499592006900855305292287906", "0.080449661217119126324655349731831589777625288817495", "0.075746213960131409944179641354745837069829212060028", "0.071566869869974524345823862808664283350883287136873", "0.067828072383193547544786976908233735157456109930786", "0.064463224269695139299935903466716613497101616814278", "0.061418574496360263291066040969146099616661968295008"], ["-0.053416348493217820755908469952276758707341958965513", "-0.056216847130897566746093949544608073649460209672845", "-0