{"Larch": [["-0.33048300989315654153736105423353974964717116783221", "-0.0084212897652570764669647172179906608685291483408741", "-0.0089467552584387551635984944000679075258966773269097", "-0.0095421136185616961375658383021401188452477114752684", "-0.010222291733451347427601521798853321582786248451738", "-0.01100678874691177046629710752575731951782501083919", "-0.011921569903948681574869212783043093095363433782726", "-0.013001985448986195343044984396895330103464670400084", "-0.014297424942475864403171358761571358368256985446643", "-0.015879040583601978722788817941433555832198099431552", "-0.017853185505098152783839321747183382861849088868948", "-0.020386176661276479050759624627963212912332877758916", "-0.023753278197807235891457846409617689278412085531386", "-0.028444713460368473142562816767603141466148978497902", "-0.035423834067693303649847899330915088941313928334434", "-0.046866185418346515385165679048245933162835240634801", "-0.068828344421231787246460030365081014353991911109864", "-0.12393662932052946774903357763753682883951475595836", "0.021850292834515037116428842306137422716081105021225", "0.1522912231837653835750004812031091214763510858977", "0.094393202639112496606739940443112172372139517926097", "0.070933491586559003188996357559268391201021351918387", "0.058297464499556708513150405166079930134423398974826", "0.050277905088144847262815432217382089427776369618993", "0.044652078350676173620372186664014978713327700297531", "0.040434339412663304229991767757141702392583257444487", "0.037120861426673956308839674634337732553746564209753", "0.034426737307220709062834729055327748898840839838817", "0.032178212199369580407743185468339931597320559440616", "0.030262911730532575985957007372386707879419740467748", "0.028604665382207780854688453323973525878370012782015", "0.027149822121841941565255608408055929528001446289034", "0.025859365905510835184432637819261265753439524205345", "0.024704147966612921957701085997799017403474633793634", "0.023661883898806436662312803288855383318550386335821", "0.022715195194508526075954372578255367961355683688714", "0.021850292834515037116428842306137422716081105021225"], ["-0.0084212897652570764669647172179906608685291483408741", "-0.3886129867900541731605343067495202546084049397966", "-0.0094722207516204338602322715821451541832642063129453", "-0.010102525545214005972866398844214847833606993042466", "-0.010822625722849437747813789992474208487538615155359", "-0.011653163492325443966130205102698984180148976463769", "-0.012621625931687002596450111896053579540730290871096", "-0.013765434729607715155725028926712774975953924076619", "-0.015136872824935691251200878982082886582503819318896", "-0.016811259435895091504766830531863917702656718317886", "-0.018901173920636050152380944472649240861106860038734", "-0.02158266535087841930913911536896046811671325070072", "-0.025147095328039068566411767245220146406583261639614", "-0.030113332101627756198862658396737514849283964344321", "-0.037500952860188398048531221031909275716143526795477", "-0.049612249393567189593608604893264166898142818655796", "-0.072855481398296767965093051241553704586356095294464", "-0.13115633804273399220416288141375846433770135643446", "0.023630974163913396738981404631086133515175825807231", "0.16121969612537774246622077000428133160662221002206", "0.099804491713026684663250711898959689911122079308569", "0.07490123065414980717179441129813134380449887693135", "0.061474548035976412559822553851035672563135425037478", "0.05294605030875402561416907537353539625942662043535", "0.04695961609484718449373466074584131086906060676007", "0.042469990628409986759031621297772217528462941018877", "0.038942547474351197619871850308430868290637592711778", "0.036074738348469854660134707758147687736047377845729", "0.033681897457318715847547181864129953540500178247338", "0.031644490355382206430704211822043042477560772210913", "0.029881422456258293176124769549558497835159639027632", "0.028335525851411908832996285928924149207885799443364", "0.026965193507793671044155133143043585967051416868127", "0.025739317895733859408471892348292444849474751985337", "0.024634101282565937060169697849668899809067947992691", "0.023630974163913396738981404631086133515175825807231", "0.022715195194508526075954372578255367961355683688714"], ["-0.0089467552584387551635984944000679075258966773269097", "-0.0094722207516204338602322715821451541832642063129453", "-0.45039655944082138989657982582820506277779931881397", "-0.010732830338807578085500526106284541483949779771986", "-0.011497828208463939691604549197638735639675819576565", "-0.012380144405893780668096182942883594179110566514043", "-0.013408977226703644780504571974530685880096812010634", "-0.014624077525205171414823580395626299134491867629354", "-0.016080981503821567483028980215405841982377088153221", "-0.017859693533648614025414624667538026776855648604307", "-0.020079793066763002188899528583962251695837191754457", "-0.022928270306351528803462098011939947442652033410473", "-0.026714582785680932037029716811527645628915167172281", "-0.031989796769810240047829057198064093091649396892628", "-0.039836680535902395064222800152722952510550136835688", "-0.052699943904486170803868322840273321722364250374477", "-0.077382857158773648972583106931511458186576944507429", "-0.13926861252880822942709158873586601834799716644256", "0.025699923846134261151432259394413088996328327814742", "0.17126039711814234107365918421524759547661552863001", "0.10587542018328485791455532209235440347192131739865", "0.079341938622874556699795815660251159488065354996839", "0.065021886475356254880825295122694713900455406605", "0.055918348930676618922473901419043993899554755042412", "0.049524699587868439873460430397113422916893552808843", "0.044728347644933048525086573162116451081146730033304", "0.040959829483766682264876188720538202560383501004475", "0.037896616712473466200949386931759401412819841212076", "0.035341671234585606220923314688986688452952654576579", "0.033167331507493415330368526022198160872406141785871", "0.031286909713682533427423235304262199692960490646938", "0.02963924125151647237414209825689205622137373067634", "0.028179773983107474540968046633883210638728604307496", "0.026875173981132384997784929894435593205369557091733", "0.025699923846134261151432259394413088996328327814742", "0.024634101282565937060169697849668899809067947992691", "0.023661883898806436662312803288855383318550386335821"], ["-0.0095421136185616961375658383021401188452477114752684", "-0.010102525545214005972866398844214847833606993042466", "-0.010732830338807578085500526106284541483949779771986", "-0.51633286341938473806292354770498155432747068427757", "-0.012262826078120301297708572288992929795401859381145", "-0.013203801439436881959394011361183120526690959885072", "-0.014301026189335667012172587263946067345479156090183", "-0.015596889321804569747154343967961738547127389593696", "-0.017150611736824365362534671037230102082062549829468", "-0.019047504066122120015400307761080274325673293409693", "-0.021415073456470919917956528937916210297535393466239", "-0.024452700302294522643207294500146873187489815115284", "-0.028490333057555749142755182445443546089466876883425", "-0.034115493412910506244061910307242048252419358604692", "-0.042482485099274651153197552338762808058422896568751", "-0.056197203368292720197065639234772386742232122924684", "-0.082509782298771039040820228533451990240625187948617", "-0.14844973982809399023720523606655040955257197977617", "0.028128774125130383767227778427792931028346868320524", "0.18263497383420171102110666611034335403665086040513", "0.11273472903752558944397037198639198846932549958516", "0.084346092454079119743423390202836476208732862483996", "0.069008976833996456615895075187377832604897784835367", "0.059250907894150828772872622795310420668729981783132", "0.052394105774853012157220475944894278364552759122216", "0.047249310280557622461931441310680132561378389569908", "0.043207336432574258801849089365182669692745817559973", "0.039922843672943509712884799975011232366851908753078", "0.037184651297521333593180268320797537650428751950522", "0.034855799270812684307901951104062880193804446461173", "0.032843196382293278298272263504652819736549759921713", "0.031081100951170902747700763412719791853706713192352", "0.029521587925242476355673859486992443470545100310237", "0.028128774125130383767227778427792931028346868320524", "0.026875173981132384997784929894435593205369557091733", "0.025739317895733859408471892348292444849474751985337", "0.024704147966612921957701085997799017403474633793634"], ["-0.010222291733451347427601521798853321582786248451738", "-0.010822625722849437747813789992474208487538615155359", "-0.011497828208463939691604549197638735639675819576565", "-0.012262826078120301297708572288992929795401859381145", "-0.58703272511016716029720801681030827438257768232934", "-0.014144776800753462621079450433373311257980060388999", "-0.015320126244943349869404594751422636120517804444702", "-0.016708243736365992563636267860951341464369232997879", "-0.018372558151500381378741195724289395153727722441548", "-0.020404439663722483758938654855497743231727580215403", "-0.022940448019529356354664521712736757047890982480421", "-0.026194110905747982835421397673168865100645237363018", "-0.03051877142998518012338600871499987312622500407121", "-0.036543567561220529015878947864825283636532414073975", "-0.045504451001390086138746450343739795884725000287512", "-0.06019123766739930373337082713893415555558032870137", "-0.08836369531715860051941286655382357861106046532924", "-0.15892565627039965861716651789559329261081583519117", "0.031013888425362575557580374907563349658614634584929", "0.19562816049502317850902768200363243962545437505755", "0.12054707623225345761532530600360354586087095952056", "0.090028970014796732745842917408238205973681963770181", "0.073524076995780720944428611158287319404914431736285", "0.063014788629533519829219001483957965430000078686515", "0.055626952367501677829966928356588638772550490047384", "0.050083221535732761688580965767807421245034591900911", "0.045728707455787647897283528531281560578570711966388", "0.042191785836033240626388859638663587243471637802392", "0.039244962854839735046967303346205473794005027422675", "0.036740544284770003732126372039785112593372698694866", "0.034578043400001492898117680265946887026240206817977", "0.032686431581885391786419627697968411174044067732111", "0.031013888425362575557580374907563349658614634584929", "0.029521587925242476355673859486992443470545100310237", "0.028179773983107474540968046633883210638728604307496", "0.026965193507793671044155133143043585967051416868127", "0.025859365905510835184432637819261265753439524205345"], ["-0.01100678874691177046629710752575731951782501083919", "-0.011653163492325443966130205102698984180148976463769", "-0.012380144405893780668096182942883594179110566514043", "-0.013203801439436881959394011361183120526690959885072", "-0.014144776800753462621079450433373311257980060388999", "-0.66325521210626128788985852148659721477476619881219", "-0.016495475689133237117729739069471960983055548500406", "-0.01798997720417225753491467657474035656756381930232", "-0.019781818601749354297961777487928089785643609792398", "-0.021969355379464739043403455961028851225164460172004", "-0.024699582263284535101381535968609446205873166898706", "-0.028202333256580402871145055546468124074422766858688", "-0.03285791351987542548085837418380366767883142459724", "-0.039343416406278912315228885043756780183851458284597", "-0.048988859245905266529598339222669405287696660276236", "-0.064795883754063887844599964809490239985340355532607", "-0.095110869727740885782897722564773602915885956687444", "-0.17099072955953684161684044018411162439021881642469", "0.034487631904294578494400361472250785113737303429077", "0.21061194173043579573260676289198999325998540616087", "0.12952653310112058563108562309940200300212769418119", "0.096539829190768619956275565398338925800660840280129", "0.078681068395576849389458497134267356502731754802478", "0.067301431153438352187568915479365258579332308635154", "0.05929914863951510627475884302974453087942051901772", "0.053294621452557072904063986577866457870185324515406", "0.048579825753718176969586527529598459237454082078549", "0.044752538683159908955819237369210718993537624083819", "0.041566255883343787119491075249665420970178292110139", "0.03886076599666681483017661464283338025384573032336", "0.036526956208031691118885565493919694957609017506256", "0.034487631904294578494400361472250785113737303429077", "0.032686431581885391786419627697968411174044067732111", "0.031081100951170902747700763412719791853706713192352", "0.02963924125151647237414209825689205622137373067634", "0.028335525851411908832996285928924149207885799443364", "0.027149822121841941565255608408055929528001446289034"], ["-0.011921569903948681574869212783043093095363433782726", "-0.012621625931687002596450111896053579540730290871096", "-0.013408977226703644780504571974530685880096812010634", "-0.014301026189335667012172587263946067345479156090183", "-0.015320126244943349869404594751422636120517804444702", "-0.016495475689133237117729739069471960983055548500406", "-0.74596065477190805981940910730478218010678575664767", "-0.019484478719211277952099614080008752152072090104233", "-0.021424990058057412888077796697156154186937640438394", "-0.023793981942908573018628028258214481305867430729204", "-0.026750608906822359597294485193393817511577571498281", "-0.030543704770069836021828118841867356692696210530344", "-0.035584986491665790208046480036192285461460737280046", "-0.042607407937299723057728763040083182926822302539482", "-0.053050532190501770206081914241819085825776799248214", "-0.070162595761278404592029989891714493207816445202851", "-0.10297240913160165064941452091430376710916899750615", "-0.18503575263866444202585050392180613924541547714508", "0.038736224203746896462077869850727680621803374423201", "0.22808174307040264441340187842748706666329624882713", "0.13995667658613871582742957754003585757249792580131", "0.10407551618276207709454258569619298491957526619883", "0.084629602400871229796157761897001063845593461258908", "0.072230660967707269205527659864590977377119829643129", "0.063509961102217792018785986479701002649558078324283", "0.056967784460014457642053130032989532546671686253081", "0.051833590825860747673952340859551980248479563607497", "0.047669110796126249245035855294862275182899203730687", "0.044205425500274560948455657718717120149870739410618", "0.041267559113440730132259499586846655959797959837437", "0.038736224203746896462077869850727680621803374423201", "0.036526956208031691118885565493919694957609017506256", "0.034578043400001492898117680265946887026240206817977", "0.032843196382293278298272263504652819736549759921713", "0.031286909713682533427423235304262199692960490646938", "0.029881422456258293176124769549558497835159639027632", "0.028604665382207780854688453323973525878370012782015"], ["-0.013001985448986195343044984396895330103464670400084", "-0.013765434729607715155725028926712774975953924076619", "-0.014624077525205171414823580395626299134491867629354", "-0.015596889321804569747154343967961738547127389593696", "-0.016708243736365992563636267860951341464369232997879", "-0.01798997720417225753491467657474035656756381930232", "-0.019484478719211277952099614080008752152072090104233", "-0.83638999885755807180299435599699908995127712570461", "-0.023365501396903547824055979314303556221803190772555", "-0.025948733554757220551892235347317345882765101041689", "-0.029172652302692720145692775564522172631412731962963", "-0.033308511282784475539260245032332007827852240636872", "-0.038805088046156692659235853227428992123338466715208", "-0.046461229473647797242000287866762254722614004612023", "-0.057845682686400411956650814264934847779163186268783", "-0.076497360391536795422021286868177710839784489590178", "-0.11224884584408946983800506611811432432662420943969", "-0.20159088003060975843322559290598587795474981584916", "0.044029015378561275954275822935340083601246598471149", "0.24871226155287047127719366946977838489791027707141", "0.15222138084039640765662413074157775062823408087096", "0.11290123010433160245501702853735025185326436307762", "0.091570541142210063646041586962135051578771164683117", "0.077962857198139678402879364486128460472694324627339", "0.06839198697406656084060278651262510587318338234949", "0.061215132414415887397283838039267215029935229384043", "0.055587173433496117443744549014265703006403334855483", "0.051026790271893125604892628763605826549647768422433", "0.047238278082154838991339242090085018830915636054183", "0.044029015378561275954275822935340083601246598471149", "0.041267559113440730132259499586846655959797959837437", "0.03886076599666681483017661464283338025384573032336", "0.036740544284770003732126372039785112593372698694866", "0.034855799270812684307901951104062880193804446461173", "0.033167331507493415330368526022198160872406141785871", "0.031644490355382206430704211822043042477560772210913", "0.030262911730532575985957007372386707879419740467748"], ["-0.014297424942475864403171358761571358368256985446643", "-0.015136872824935691251200878982082886582503819318896", "-0.016080981503821567483028980215405841982377088153221", "-0.017150611736824365362534671037230102082062549829468", "-0.018372558151500381378741195724289395153727722441548", "-0.019781818601749354297961777487928089785643609792398", "-0.021424990058057412888077796697156154186937640438394", "-0.023365501396903547824055979314303556221803190772555", "-0.93618801578075395423661565283650049893404599744205", "-0.028531965712610893279728491380331135543727011310823", "-0.032076227755587306306511173689631480836217502558167", "-0.036622847911411451444328333605008158363201923924978", "-0.042664984708469978868030821705710351098722285700872", "-0.051080375088996647125589149577253994422776167379917", "-0.063592379567983222645416620090040063038723185518154", "-0.084087625962198687936016330804445447213781817992696", "-0.12335926389998771008974870196859067033972683677309", "-0.22139369987879933738979999441617280259174388530212", "0.05076846705610775833210900316030444758355157739552", "0.27344660363921356392276181935924037954515695596631", "0.16685362102683807061334747324623452619907052017459", "0.12338328637365738324571495221824669862826955952764", "0.099780258466432464465334270267594952135955047215666", "0.084718081104475893484675054072823928252327492320665", "0.074126829997252192632143959376808147254120043169617", "0.06619046381508173652795088611888902510356690115796", "0.059973433146296098847511245032519550741303697390374", "0.054942174043935055785363608136127373011303082064274", "0.05076846705610775833210900316030444758355157739552", "0.047238278082154838991339242090085018830915636054183", "0.044205425500274560948455657718717120149870739410618", "0.041566255883343787119491075249665420970178292110139", "0.039244962854839735046967303346205473794005027422675", "0.037184651297521333593180268320797537650428751950522", "0.035341671234585606220923314688986688452952654576579", "0.033681897457318715847547181864129953540500178247338", "0.032178212199369580407743185468339931597320559440616"], ["-0.015879040583601978722788817941433555832198099431552", "-0.016811259435895091504766830531863917702656718317886", "-0.017859693533648614025414624667538026776855648604307", "-0.019047504066122120015400307761080274325673293409693", "-0.020404439663722483758938654855497743231727580215403", "-0.021969355379464739043403455961028851225164460172004", "-0.023793981942908573018628028258214481305867430729204", "-0.025948733554757220551892235347317345882765101041689", "-0.028531965712610893279728491380331135543727011310823", "-1.0476032057390266158338658336053721492872549960168", "-0.035620489798563719333293855998931826128707993805512", "-0.040668289010811730526628254717346669772939380232055", "-0.047375991040423007397464931814170089617054043830888", "-0.05671747743309308558705431412648470914253845639719", "-0.070604462339057688518554245831981848537722420359621", "-0.093346902670463320378730970708464499158790952439675", "-0.13690602078389868391975158919548488959629824041055", "-0.24550141664957289290355893229565301097274599455103", "0.059579626252632052955646502553708401264360309474002", "0.30364446057439600964301085043319753105404535269403", "0.18461594709406070369453619730319504090296120485508", "0.13604289071417973962283523918479485147593594043084", "0.10965042955712810736880063654820465118823828248693", "0.092807370162839235396418164462335004237759956865771", "0.08097074971124306502626878942728409944064318013498", "0.072110615660562525890930847212590285144022770687259", "0.065179633079172980737348876586216649934540797902209", "0.059579626252632052955646502553708401264360309474002", "0.054942174043935055785363608136127373011303082064274", "0.051026790271893125604892628763605826549647768422433", "0.047669110796126249245035855294862275182899203730687", "0.044752538683159908955819237369210718993537624083819", "0.042191785836033240626388859638663587243471637802392", "0.039922843672943509712884799975011232366851908753078", "0.037896616712473466200949386931759401412819841212076", "0.036074738348469854660134707758147687736047377845729", "0.034426737307220709062834729055327748898840839838817"], ["-0.017853185505098152783839321747183382861849088868948", "-0.018901173920636050152380944472649240861106860038734", "-0.020079793066763002188899528583962251695837191754457", "-0.021415073456470919917956528937916210297535393466239", "-0.022940448019529356354664521712736757047890982480421", "-0.024699582263284535101381535968609446205873166898706", "-0.026750608906822359597294485193393817511577571498281", "-0.029172652302692720145692775564522172631412731962963", "-0.032076227755587306306511173689631480836217502558167", "-0.035620489798563719333293855998931826128707993805512", "-1.173829885137800201655033064019965153044986453477", "-0.045716088223059741719962653435761513417170766658599", "-0.053253741661352651429550469721789221361227068843576", "-0.063749806644602874338307800169002336813815277261083", "-0.079350455474181180814869343290244354139976026998148", "-0.10489218524484324058781839365037103376480754416651", "-0.15378694261478784468416121139491040017422994817806", "-0.2754844061997170605564539431951846088076085660861", "0.071479640759031524491764047372788429688493847383941", "0.34134056617139153508482248448121190407435128008286", "0.20663959078332314599731920263340772760612812472114", "0.15164865257897459952793788420149727671272175263415", "0.12175633950343575959397517759379935763131713884464", "0.10268643631371638576024216603627860657364210691741", "0.089298695390514978194808978386299522695596835416444", "0.079292689357837608905879160760025092562204821653444", "0.071479640759031524491764047372788429688493847383941", "0.065179633079172980737348876586216649934540797902209", "0.059973433146296098847511245032519550741303697390374", "0.055587173433496117443744549014265703006403334855483", "0.051833590825860747673952340859551980248479563607497", "0.048579825753718176969586527529598459237454082078549", "0.045728707455787647897283528531281560578570711966388", "0.043207336432574258801849089365182669692745817559973", "0.040959829483766682264876188720538202560383501004475", "0.038942547474351197619871850308430868290637592711778", "0.037120861426673956308839674634337732553746564209753"], ["-0.020386176661276479050759624627963212912332877758916", "-0.02158266535087841930913911536896046811671325070072", "-0.022928270306351528803462098011939947442652033410473", "-0.024452700302294522643207294500146873187489815115284", "-0.026194110905747982835421397673168865100645237363018", "-0.028202333256580402871145055546468124074422766858688", "-0.030543704770069836021828118841867356692696210530344", "-0.033308511282784475539260245032332007827852240636872", "-0.036622847911411451444328333605008158363201923924978", "-0.040668289010811730526628254717346669772939380232055", "-0.045716088223059741719962653435761513417170766658599", "-1.3196333781543638193768123144866798024349831703542", "-0.060791395099645561139138286007816929305283371028553", "-0.072766665855374440647480373535622748512137532562325", "-0.090561911224554993846504906575071967714244447111331", "-0.11968620950028911530478232870402341385171673854348", "-0.17540111349313346527700092298674017752564178448195", "-0.31377912586249328036253582482175512470601486599069", "0.088221887756473133950582147488295564417874506532875", "0.38972264797069794468542062672083358126079153592555", "0.23467911067292124463257274219664875438649466820778", "0.17138512665917803365272793796522315572571100456342", "0.13698110566038989607706043496012307318117967570857", "0.11505331335844772971692590099228194990620984638208", "0.099684447976174572034406796218765756242732804806831", "0.088221887756473133950582147488295564417874506532875", "0.079292689357837608905879160760025092562204821653444", "0.072110615660562525890930847212590285144022770687259", "0.06619046381508173652795088611888902510356690115796", "0.061215132414415887397283838039267215029935229384043", "0.056967784460014457642053130032989532546671686253081", "0.053294621452557072904063986577866457870185324515406", "0.050083221535732761688580965767807421245034591900911", "0.047249310280557622461931441310680132561378389569908", "0.044728347644933048525086573162116451081146730033304", "0.042469990628409986759031621297772217528462941018877", "0.040434339412663304229991767757141702392583257444487"], ["-0.023753278197807235891457846409617689278412085531386", "-0.025147095328039068566411767245220146406583261639614", "-0.026714582785680932037029716811527645628915167172281", "-0.028490333057555749142755182445443546089466876883425", "-0.03051877142998518012338600871499987312622500407121", "-0.03285791351987542548085837418380366767883142459724", "-0.035584986491665790208046480036192285461460737280046", "-0.038805088046156692659235853227428992123338466715208", "-0.042664984708469978868030821705710351098722285700872", "-0.047375991040423007397464931814170089617054043830888", "-0.053253741661352651429550469721789221361227068843576", "-0.060791395099645561139138286007816929305283371028553", "-1.4925912783227076972418888740550614487634463378893", "-0.084741936611103320155822461063428567718991694096096", "-0.10544716928700971020018821685869948691872498515272", "-0.13931781430050363335999700960275890870052786104846", "-0.2040535430915054413114665822314709895807313878453", "-0.36437667201506282420721533258454276378616116498311", "0.11305743489915958313220221973764764670506748612645", "0.45408179698074701694607189996778365419880223691899", "0.27161292389449209535403662072220696484796692311232", "0.19718251796571398862960196285111649850693260185142", "0.15675835573639344179868030705691707342982598038228", "0.13103919594554711979474991799229093892543650251031", "0.11305743489915958313220221973764764670506748612645", "0.099684447976174572034406796218765756242732804806831", "0.089298695390514978194808978386299522695596835416444", "0.08097074971124306502626878942728409944064318013498", "0.074126829997252192632143959376808147254120043169617", "0.06839198697406656084060278651262510587318338234949", "0.063509961102217792018785986479701002649558078324283", "0.05929914863951510627475884302974453087942051901772", "0.055626952367501677829966928356588638772550490047384", "0.052394105774853012157220475944894278364552759122216", "0.049524699587868439873460430397113422916893552808843", "0.04695961609484718449373466074584131086906060676007", "0.044652078350676173620372186664014978713327700297531"], ["-0.028444713460368473142562816767603141466148978497902", "-0.030113332101627756198862658396737514849283964344321", "-0.031989796769810240047829057198064093091649396892628", "-0.034115493412910506244061910307242048252419358604692", "-0.036543567561220529015878947864825283636532414073975", "-0.039343416406278912315228885043756780183851458284597", "-0.042607407937299723057728763040083182926822302539482", "-0.046461229473647797242000287866762254722614004612023", "-0.051080375088996647125589149577253994422776167379917", "-0.05671747743309308558705431412648470914253845639719", "-0.063749806644602874338307800169002336813815277261083", "-0.072766665855374440647480373535622748512137532562325", "-0.084741936611103320155822461063428567718991694096096", "-1.7058361928397329460163228398389971767007413546479", "-0.12615240196291610024455397265397040611845827620934", "-0.16660575314520378996208428387242407919129594452464", "-0.24382407858497281503001462262081846353464461909504", "-0.43428535586605270022006355046482131280295353270487", "0.15261730920121216378980715589786288958987932217096", "0.54388575257938873979638762680631902451843455875484", "0.3225207611095771547125879181201548980718181541421", "0.23242307478781615222778001584043463178517313884486", "0.18359172155278197090473617018139992244636127754654", "0.15261730920121216378980715589786288958987932217096", "0.13103919594554711979474991799229093892543650251031", "0.11505331335844772971692590099228194990620984638208", "0.10268643631371638576024216603627860657364210691741", "0.092807370162839235396418164462335004237759956865771", "0.084718081104475893484675054072823928252327492320665", "0.077962857198139678402879364486128460472694324627339", "0.072230660967707269205527659864590977377119829643129", "0.067301431153438352187568915479365258579332308635154", "0.063014788629533519829219001483957965430000078686515", "0.059250907894150828772872622795310420668729981783132", "0.055918348930676618922473901419043993899554755042412", "0.05294605030875402561416907537353539625942662043535", "0.050277905088144847262815432217382089427776369618993"], ["-0.035423834067693303649847899330915088941313928334434", "-0.037500952860188398048531221031909275716143526795477", "-0.039836680535902395064222800152722952510550136835688", "-0.042482485099274651153197552338762808058422896568751", "-0.045504451001390086138746450343739795884725000287512", "-0.048988859245905266529598339222669405287696660276236", "-0.053050532190501770206081914241819085825776799248214", "-0.057845682686400411956650814264934847779163186268783", "-0.063592379567983222645416620090040063038723185518154", "-0.070604462339057688518554245831981848537722420359621", "-0.079350455474181180814869343290244354139976026998148", "-0.090561911224554993846504906575071967714244447111331", "-0.10544716928700971020018821685869948691872498515272", "-0.12615240196291610024455397265397040611845827620934", "-1.9850458839539122146175758580615957215370769381079", "-0.20705910432749147967961459509087775226413361283995", "-0.30265991689600117242274494760424249224273779053788", "-0.53699634050043156687856674306843828169778528487004", "0.22230973699224422979839743803582121351696372176603", "0.67789338348784970780457594669837691064581312574767", "0.39729962162165936387211156658250911543686422586733", "0.28364814289506361686668487133963535148569191242403", "0.22230973699224422979839743803582121351696372176603", "0.18359172155278197090473617018139992244636127754654", "0.15675835573639344179868030705691707342982598038228", "0.13698110566038989607706043496012307318117967570857", "0.12175633950343575959397517759379935763131713884464", "0.10965042955712810736880063654820465118823828248693", "0.099780258466432464465334270267594952135955047215666", "0.091570541142210063646041586962135051578771164683117", "0.084629602400871229796157761897001063845593461258908", "0.078681068395576849389458497134267356502731754802478", "0.073524076995780720944428611158287319404914431736285", "0.069008976833996456615895075187377832604897784835367", "0.065021886475356254880825295122694713900455406605", "0.061474548035976412559822553851035672563135425037478", "0.058297464499556708513150405166079930134423398974826"], ["-0.046866185418346515385165679048245933162835240634801", "-0.049612249393567189593608604893264166898142818655796", "-0.052699943904486170803868322840273321722364250374477", "-0.056197203368292720197065639234772386742232122924684", "-0.06019123766739930373337082713893415555558032870137", "-0.064795883754063887844599964809490239985340355532607", "-0.070162595761278404592029989891714493207816445202851", "-0.076497360391536795422021286868177710839784489590178", "-0.084087625962198687936016330804445447213781817992696", "-0.093346902670463320378730970708464499158790952439675", "-0.10489218524484324058781839365037103376480754416651", "-0.11968620950028911530478232870402341385171673854348", "-0.13931781430050363335999700960275890870052786104846", "-0.16660575314520378996208428387242407919129594452464", "-0.20705910432749147967961459509087775226413361283995", "-2.3901760164602919656081371898316391598792955692062", "-0.39826072946451086516587530011760723222134196823581", "-0.70196495858690161047804281705721854641461112088509", "0.36543268409882279962440144907805420211066283330136", "0.89913150544168500467562358214569057637329981039458", "0.51817136681148953258245679891718648897706379360879", "0.36543268409882279962440144907805420211066283330136", "0.28364814289506361686668487133963535148569191242403", "0.23242307478781615222778001584043463178517313884486", "0.19718251796571398862960196285111649850693260185142", "0.17138512665917803365272793796522315572571100456342", "0.15164865257897459952793788420149727671272175263415", "0.13604289071417973962283523918479485147593594043084", "0.12338328637365738324571495221824669862826955952764", "0.11290123010433160245501702853735025185326436307762", "0.10407551618276207709454258569619298491957526619883", "0.096539829190768619956275565398338925800660840280129", "0.090028970014796732745842917408238205973681963770181", "0.084346092454079119743423390202836476208732862483996", "0.079341938622874556699795815660251159488065354996839", "0.07490123065414980717179441129813134380449887693135", "0.070933491586559003188996357559268391201021351918387"], ["-0.068828344421231787246460030365081014353991911109864", "-0.072855481398296767965093051241553704586356095294464", "-0.077382857158773648972583106931511458186576944507429", "-0.082509782298771039040820228533451990240625187948617", "-0.08836369531715860051941286655382357861106046532924", "-0.095110869727740885782897722564773602915885956687444", "-0.10297240913160165064941452091430376710916899750615", "-0.11224884584408946983800506611811432432662420943969", "-0.12335926389998771008974870196859067033972683677309", "-0.13690602078389868391975158919548488959629824041055", "-0.15378694261478784468416121139491040017422994817806", "-0.17540111349313346527700092298674017752564178448195", "-0.2040535430915054413114665822314709895807313878453", "-0.24382407858497281503001462262081846353464461909504", "-0.30265991689600117242274494760424249224273779053788", "-0.39826072946451086516587530011760723222134196823581", "-3.1060696817410858730085194263514790339753447987793", "-1.0056691877092923557902103339968298606078802735344", "0.74727939088048963201953982367588491927666523406994", "1.3315955837437502946227898762334565125715137366047", "0.74727939088048963201953982367588491927666523406994", "0.51817136681148953258245679891718648897706379360879", "0.39729962162165936387211156658250911543686422586733", "0.3225207611095771547125879181201548980718181541421", "0.27161292389449209535403662072220696484796692311232", "0.23467911067292124463257274219664875438649466820778", "0.20663959078332314599731920263340772760612812472114", "0.18461594709406070369453619730319504090296120485508", "0.16685362102683807061334747324623452619907052017459", "0.15222138084039640765662413074157775062823408087096", "0.13995667658613871582742957754003585757249792580131", "0.12952653310112058563108562309940200300212769418119", "0.12054707623225345761532530600360354586087095952056", "0.11273472903752558944397037198639198846932549958516", "0.10587542018328485791455532209235440347192131739865", "0.099804491713026684663250711898959689911122079308569", "0.094393202639112496606739940443112172372139517926097"], ["-0.12393662932052946774903357763753682883951475595836", "-0.13115633804273399220416288141375846433770135643446", "-0.13926861252880822942709158873586601834799716644256", "-0.14844973982809399023720523606655040955257197977617", "-0.15892565627039965861716651789559329261081583519117", "-0.17099072955953684161684044018411162439021881642469", "-0.18503575263866444202585050392180613924541547714508", "-0.20159088003060975843322559290598587795474981584916", "-0.22139369987879933738979999441617280259174388530212", "-0.24550141664957289290355893229565301097274599455103", "-0.2754844061997170605564539431951846088076085660861", "-0.31377912586249328036253582482175512470601486599069", "-0.36437667201506282420721533258454276378616116498311", "-0.43428535586605270022006355046482131280295353270487", "-0.53699634050043156687856674306843828169778528487004", "-0.70196495858690161047804281705721854641461112088509", "-1.0056691877092923557902103339968298606078802735344", "-4.9687025574449270981429611043512237545706902037044", "2.5002279694702716198292899813485996991612107416742", "2.5002279694702716198292899813485996991612107416742", "1.3315955837437502946227898762334565125715137366047", "0.89913150544168500467562358214569057637329981039458", "0.67789338348784970780457594669837691064581312574767", "0.54388575257938873979638762680631902451843455875484", "0.45408179698074701694607189996778365419880223691899", "0.38972264797069794468542062672083358126079153592555", "0.34134056617139153508482248448121190407435128008286", "0.30364446057439600964301085043319753105404535269403", "0.27344660363921356392276181935924037954515695596631", "0.24871226155287047127719366946977838489791027707141", "0.22808174307040264441340187842748706666329624882713", "0.21061194173043579573260676289198999325998540616087", "0.19562816049502317850902768200363243962545437505755", "0.18263497383420171102110666611034335403665086040513", "0.17126039711814234107365918421524759547661552863001", "0.16121969612537774246622077000428133160662221002206", "0.1522912231837653835750004812031091214763510858977"], ["0.021850292834515037116428842306137422716081105021225", "0.023630974163913396738981404631086133515175825807231", "0.025699923846134261151432259394413088996328327814742", "0.028128774125130383767227778427792931028346868320524", "0.031013888425362575557580374907563349658614634584929", "0.034487631904294578494400361472250785113737303429077", "0.038736224203746896462077869850727680621803374423201", "0.044029015378561275954275822935340083601246598471149", "0.05076846705610775833210900316030444758355157739552", "0.059579626252632052955646502553708401264360309474002", "0.071479640759031524491764047372788429688493847383941", "0.088221887756473133950582147488295564417874506532875", "0.11305743489915958313220221973764764670506748612645", "0.15261730920121216378980715589786288958987932217096", "0.22230973699224422979839743803582121351696372176603", "0.36543268409882279962440144907805420211066283330136", "0.74727939088048963201953982367588491927666523406994", "2.5002279694702716198292899813485996991612107416742", "10.845741176864442329734800383140816994669071196707", "2.5002279694702716198292899813485996991612107416742", "0.74727939088048963201953982367588491927666523406994", "0.36543268409882279962440144907805420211066283330136", "0.22230973699224422979839743803582121351696372176603", "0.15261730920121216378980715589786288958987932217096", "0.11305743489915958313220221973764764670506748612645", "0.088221887756473133950582147488295564417874506532875", "0.071479640759031524491764047372788429688493847383941", "0.059579626252632052955646502553708401264360309474002", "0.05076846705610775833210900316030444758355157739552", "0.044029015378561275954275822935340083601246598471149", "0.038736224203746896462077869850727680621803374423201", "0.034487631904294578494400361472250785113737303429077", "0.031013888425362575557580374907563349658614634584929", "0.028128774125130383767227778427792931028346868320524",