{"Larch": [["-0.33721907208211440700066177429055474608247825246986", "-0.01283402565522750930610976921491880613675566619183", "-0.013474677588396994273006558410273563854451663930727", "-0.01418260770144044750161213775572013479331598819055", "-0.014968993194144810387934751037859790855952997469323", "-0.015847630199722792201900325729944029582714275720763", "-0.016835747824839645043237751094748072581998323683675", "-0.017955145610509802940445771973013999393547466175743", "-0.019233814761989117241335975209569147755838804451061", "-0.020708301137316264566805000137108139907980691958", "-0.022427237902565389463295735245546061348241815656938", "-0.024456782596078389732509150079202621688489409739504", "-0.0268892713870531924950675438511113977426868635089", "-0.029857546988664955191021212881701993807246729628333", "-0.033559813167440789501502637992617306244212387850125", "-0.038305244710611851566582153247245302581540312753041", "-0.044603675898008518060092600618280075116925181893194", "-0.053357984781602217639068489001672293104679830345442", "-0.066325842605308459646027211602420740543038352742898", "-0.087406392907644747539446560824226166539234003762404", "-0.12699420928630763565361795637549512093651511071295", "-0.21743519376050989166318346406720001164029848960824", "0.023626718988671437987045637449798676125952942088477", "0.24372672628140221723290699100879747799948685798548", "0.14914415921782066602093196563754350701134298608966", "0.10801188402987173898717970813805755655149502093515", "0.085901569322965213271480686793642887666023838510198", "0.072098569510695591529413791141465582678573576583907", "0.062615516066774270013981773488700819693311870078003", "0.055660493315886932583749667120683492698794280799607", "0.050313767328190477481701499322926134565363429393158", "0.046055604721102828674622058556557021581810868937462", "0.042570215379568174417838080437639953826692869187493", "0.039654552850254713893563899959465775397433726031137", "0.037172000427270504884204864713135363618363164954775", "0.035027152735353990072321515686431857391821590843285", "0.033151282044373783593352662485213748099684441319485", "0.031493558237165186270625093286547020143155722030356", "0.030015529538173187939195646167358689079839984052501", "0.028687532987183518780500248113868253780910277705046", "0.027486290206953062824543676298564522824143536044257", "0.02639325508794791741304498685508054033955798576743", "0.025393452159008029999429075347897354220257923327487", "0.024474643282715599552002739930373501294853142281042", "0.023626718988671437987045637449798676125952942088477"], ["-0.01283402565522750930610976921491880613675566619183", "-0.38493970979751324064472816591322512627040124281972", "-0.014115329521566479239903347605628321572147661669624", "-0.01485689872454691659936332202612079912159614918991", "-0.015680649040450577415209744978840119095685441228487", "-0.016601031335846612925847964858700335444203928102997", "-0.017636092258762072190663347470713925871046855182044", "-0.018808665603056851879501772432696531603012766173062", "-0.020148070348669346946368290351662053701422109916666", "-0.021692585572577358974391904002381806629383820178771", "-0.023493150374491820591871953693393534149518054486394", "-0.025619058290163477775149088165631003243662784094271", "-0.028167020999037345512245523363492542434135154174088", "-0.031276173766451409014763833187267259446454318248042", "-0.035154104514534118747302089437055652406324443362302", "-0.040124617500282161728044466392411480899024930364556", "-0.046721652580860585310358122711837493048936482939952", "-0.055890732227000636909878408988344386040175090605043", "-0.069472420072960280254257649389920854331643216657666", "-0.091549302199445705219076382580298797672705022516325", "-0.13300264000373290546138154517342019013650244989827", "-0.22766525216577401078103714880981407191547563077907", "0.025362944924095197381957799671928080043224780578015", "0.25538857864215811389377138920078458182386151817536", "0.15618668899490971712210769323982447714821684053669", "0.11304713026675087433273343636109823833017213289877", "0.089850993122092922174584305033985355418135018698279", "0.075365207786308018484626235770557289940701624382974", "0.065409943537959521099911089885131176205536593643552", "0.058106726136283876936958932704097860514349636049301", "0.052491277431066959784729474100093201486126156827123", "0.048018592400313839940646452815606215839096420108438", "0.044357448961335777118610591716754752535191209038439", "0.041294820928551033368553702121165293570377144538105", "0.038687334550982565920275005135197611186700099231945", "0.036434834452724034171687141712942171025015039579612", "0.034465147978648106247623017676646106792154158676951", "0.032724880011953872258867728356032181984264371703195", "0.031173625624481314891771468204717540301910136761807", "0.029780205583036440572253143306731071147164644649701", "0.028520144459829487750970687721987172284679413024669", "0.027373937106527303081023855756830524001465827066412", "0.026325829666672311445905632532356284960672888925519", "0.025362944924095197381957799671928080043224780578015", "0.024474643282715599552002739930373501294853142281042"], ["-0.013474677588396994273006558410273563854451663930727", "-0.014115329521566479239903347605628321572147661669624", "-0.43511464778100441202788805298117884323709466157971", "-0.015598467927527353958823296446613276671044636710197", "-0.016463308799892626502862943665446017857454331007919", "-0.017429598607273324154496170609724340068222683580788", "-0.018516282943060970428353347436985326945771653560149", "-0.01974733281935492640742145739811017360918578707375", "-0.021153527153186491564112447476001009056301184624506", "-0.022775050722721770365033126344775161637560414251507", "-0.02466537798110748826086802945436418572168935358849", "-0.026897250375563144279065281561186856762720019919232", "-0.029572190146784432139479740939278964520333903424534", "-0.032836250515986402630660240967416253798664014300625", "-0.036907335763948088706251984589674596642505841836692", "-0.042125331960183368073286090914471723924169335648782", "-0.049050675656524450029676320933709576725849970173547", "-0.058675759074029580754543413080525457004710252534071", "-0.072932238232422392817654793251439137629111688844419", "-0.096104241768732718511968914049397060972737808448484", "-0.13960749058607548469590811170496418283452216035542", "-0.23890472177862703875688629624161332193354552389009", "0.027336858646378281213050857035805900123993402690397", "0.26822209807852595166204161476299472008081433626322", "0.16392768983656772604765364964189051345368795427334", "0.11857593286624293318371764435965156702157734135827", "0.094182923232245397233521290560635925292730130380275", "0.078944429278622998393607419105604714401215595825078", "0.068468607886402828805288568250160387658524449617136", "0.060781617086574630869435313456309941332368054483335", "0.054870084822232439749894932018154684452493078916292", "0.050161141432102816464113687312890165405001388445613", "0.046306541577432518997227723027500855005435838062041", "0.043082245136619340226891026305900571478200525383515", "0.040337417803249723581530578658348421585414091760119", "0.037966657603460110335674732298353398073413909314437", "0.035893985552183829350197322537889472332280682804792", "0.034063171712911596587404044812079624943019001228133", "0.032431652156315975839873546421671592020633964496013", "0.030966571396674357323933048466524568247686598874547", "0.029642130617234644777046320230608632649332757095572", "0.028437764455965605191816860971252545682840531905797", "0.027336858646378281213050857035805900123993402690397", "0.026325829666672311445905632532356284960672888925519", "0.025393452159008029999429075347897354220257923327487"], ["-0.01418260770144044750161213775572013479331598819055", "-0.01485689872454691659936332202612079912159614918991", "-0.015598467927527353958823296446613276671044636710197", "-0.48801652132498471009187774259276944451959635842637", "-0.01732814967225789904690259088427875904386402530564", "-0.018345163947146309252332607691279871766811707016083", "-0.0194888879482388425848633644337760103706806591768", "-0.020784549042311819519570997635984397843721074664638", "-0.022264538998318319085170277681878555533352494207368", "-0.023971147855254173099401431327802142465313043841725", "-0.025960650845904650304017277026900029871781455999675", "-0.028309598181567618069095529700508554274179442820361", "-0.03112482594892410749288601254957515205914382194835", "-0.034560028774832307497843935419496551511425952059668", "-0.038844505567259064592381865329952898458093224120919", "-0.044335903962904702582824657120126594528596393893664", "-0.051623922404908842035126553586563138268527303516881", "-0.061752708441636882668523421411519184171400653664347", "-0.076754489586082062074910226371760861692982825653367", "-0.10113585263380805379654051514957104749159363168213", "-0.14690213897775478650397192436722011849119730880514", "-0.25131062477035479902344535178577999111479557317786", "0.029596612676583840958938970376985856797416457395692", "0.28241312637882861694308486032347511991840728491189", "0.17247655449200082509558112326515259869772283955827", "0.12467476926595976441746950530539087809851470399774", "0.098956027195713777720144968256603281899850772427686", "0.082883716662212596408292032253613797362559772180714", "0.071831290918960036115853042838031334231707213070229", "0.063719312664040091824368336914114680486345465683086", "0.057480031220371691368736347887220164494105586902459", "0.05250969890923246540779000816144385976486017505832", "0.048441197077603549099160516802470307821866199261084", "0.045038268905424230033081503730984366416508697453306", "0.042141801213919951889283929468185895722719212033355", "0.039640567776303468594877795696633606659178238877707", "0.037454362930356895511076735234389555635411753093125", "0.035523808172924506897587201907923533814020872932201", "0.033803941301568642405550599075051159697539067387619", "0.032260044711235515970676280269667286162095799863012", "0.030864849496822806905042796357020035603937551522755", "0.029596612676583840958938970376985856797416457395692", "0.028437764455965605191816860971252545682840531905797", "0.027373937106527303081023855756830524001465827066412", "0.02639325508794791741304498685508054033955798576743"], ["-0.014968993194144810387934751037859790855952997469323", "-0.015680649040450577415209744978840119095685441228487", "-0.016463308799892626502862943665446017857454331007919", "-0.01732814967225789904690259088427875904386402530564", "-0.54396704986842873827946555095765668431796966070809", "-0.019362178222034719457762624498280984489759388726526", "-0.020569257086229314353843751208524636034088976112379", "-0.021936682165663126343793799886552944110340091117637", "-0.023498636329833424094737199381278504655724611432799", "-0.025299747491853427909901199416506819149602847548942", "-0.027399401041512442180203058050670241676434361115348", "-0.029878376540040435072265949531398525021367359608179", "-0.032849410483507383548633940257737201186053796528688", "-0.03647468200845168621461519592340963956337727725456", "-0.040996141156759181146929792774520312399516144002446", "-0.046791154352963502904272117687021852299935700128939", "-0.054481903465963087284145217145086836537249243367818", "-0.06516998219312757371634040837515306302736500969194", "-0.080999228151355216576910771763723869025062739963919", "-0.10672303283124473077984971010059053338810893877389", "-0.15500051330934834197003875770990395345665563902385", "-0.26507429977612520490441845536822124006014448775858", "0.032203543918186159848152390447056113233043150879099", "0.29818898301309632831097893670283058723221103808123", "0.18196678970021376130270530897262416658480218280146", "0.13143681302492251029672531940966086081958035777409", "0.10424167159880339939137440276300701103365599050647", "0.087240754328928704906343972390043908510665154680121", "0.075546267610260783414301194243127588118189348002557", "0.066961211157492011459219174026050418067553845322635", "0.060357268947011291000107076301508584630181341218155", "0.055096285893732108535741585903878030831849960256985", "0.05079010231867002939009134207699706020992799299561", "0.047188835063275337932391300097027922466866377548442", "0.044124132910125880253823480146601384214938653277988", "0.041478268339160286905902969457308199101211860302977", "0.039166316449188607841013589175597940469139121168086", "0.037125382653081549501965680477384209355168900151529", "0.035307826330210599507093339956207922013462687760951", "0.033676850265049613542607105159780030310837509153545", "0.032203543918186159848152390447056113233043150879099", "0.030864849496822806905042796357020035603937551522755", "0.029642130617234644777046320230608632649332757095572", "0.028520144459829487750970687721987172284679413024669", "0.027486290206953062824543676298564522824143536044257"], ["-0.015847630199722792201900325729944029582714275720763", "-0.016601031335846612925847964858700335444203928102997", "-0.017429598607273324154496170609724340068222683580788", "-0.018345163947146309252332607691279871766811707016083", "-0.019362178222034719457762624498280984489759388726526", "-0.6033497610875609813162011334441689042924220948183", "-0.021776335950423909249924877918768287578418563498232", "-0.023223934137477329786809387580688923920630442313192", "-0.024877455699099658973728724342277678044379685668224", "-0.026784139809308105022935843146063277814563712254546", "-0.029006845605407986724691144761148093113769355593112", "-0.031631076259708054341349837036918115109968688088454", "-0.034776157949432049847329842509088089285524426214712", "-0.038613744981753807059221767351550721447579513320564", "-0.043399914816173010223503922582991348833933561255326", "-0.04953405196605638124892306700589593908095333126918", "-0.057674605760865666177452725567523732177930139244299", "-0.068987299190718644904555223698225736238832144772391", "-0.085740539684379870201460629245681013989316843905257", "-0.11296309387475973158857021621504121545227676377728", "-0.16404306898183591680419049992401215138778205571034", "-0.28043130737325586024483444479759250603329355644808", "0.035236821691140329219088567796781824863796241444136", "0.31583071419282583096479791232511456343898717290389", "0.19256305116980578660588783178688233243083173919767", "0.13897676258727037178444971660505795308504734509912", "0.11012756920931950028895235644211596320143767523185", "0.092086342172154315104712454066785949101593543016787", "0.079672721776882327017434403753623613014187119164691", "0.070558019048305625247426748964564226507441896741351", "0.063546046833773131418421864333500167394978970415942", "0.057960072975107755766260978611653377574988781371736", "0.053388334931288723791863711209414765569175673800133", "0.049565656966322125696325368832574669143888726343976", "0.046313316052614176795602311341252500377169620243661", "0.04350628322453345378469182258916117188757756860396", "0.041054332406324844205490241229594034822651976325977", "0.038890618930428932906957190007873746662822909178969", "0.036964493134824094021179884333616676755984568866632", "0.035236821691140329219088567796781824863796241444136", "0.033676850265049613542607105159780030310837509153545", "0.032260044711235515970676280269667286162095799863012", "0.030966571396674357323933048466524568247686598874547", "0.029780205583036440572253143306731071147164644649701", "0.028687532987183518780500248113868253780910277705046"], ["-0.016835747824839645043237751094748072581998323683675", "-0.017636092258762072190663347470713925871046855182044", "-0.018516282943060970428353347436985326945771653560149", "-0.0194888879482388425848633644337760103706806591768", "-0.020569257086229314353843751208524636034088976112379", "-0.021776335950423909249924877918768287578418563498232", "-0.66662716407906730908881969212015266821854299755323", "-0.024671532324530750323693897242609560262842321128153", "-0.02642801557343753383563064755403237327736024675322", "-0.028453407762269503613939498221828274559945428506651", "-0.030814473019154006093382711471743044497607053616832", "-0.033602024321564883359634828860548080616278713006499", "-0.036942794949266739946897336607474722903375403334125", "-0.041019089129086649603407037270519640571745363295183", "-0.046102862174391647845201303166019231490872935974963", "-0.052618242634459989248811754682243455914568305465952", "-0.061264432741909841870205510332399276637881296818906", "-0.073279204939836348145885255132721867935233379433679", "-0.091070889995542866947421941856257074523558367272509", "-0.11997745986893941023000447300706220990411200995259", "-0.17420497848407963162949518721010099880273659086835", "-0.29767497213477799031116174925618078726361855597807", "0.038800144043738094123401908154003706891434666753034", "0.33568995243654640391860513528063708408706986328048", "0.20447079489870743637565520454830736687579008934744", "0.14743745198399112341783785315894354469891397186741", "0.11672276446730667076589621816016017574043048716836", "0.097508374463705659121599946066098055610165548088931", "0.084284042582668974120496189284186881222941922922097", "0.074572556222163431095137689263839553206827134143072", "0.067101146116448008112936311927344686352203867662366", "0.061149529332129022366908412872870244181125075166534", "0.056279283811354594293470964637421806074852375234686", "0.052207953000275682546186489082624408281751959301095", "0.048745089338436965582942568100538957089869198234443", "0.04575740802366991457898895019288287738640502143507", "0.043148688018216469320670745201206112236020994320117", "0.040847617474972572976534030908733167122217795394362", "0.038800144043738094123401908154003706891434666753034", "0.036964493134824094021179884333616676755984568866632", "0.035307826330210599507093339956207922013462687760951", "0.033803941301568642405550599075051159697539067387619", "0.032431652156315975839873546421671592020633964496013", "0.031173625624481314891771468204717540301910136761807", "0.030015529538173187939195646167358689079839984052501"], ["-0.017955145610509802940445771973013999393547466175743", "-0.018808665603056851879501772432696531603012766173062", "-0.01974733281935492640742145739811017360918578707375", "-0.020784549042311819519570997635984397843721074664638", "-0.021936682165663126343793799886552944110340091117637", "-0.023223934137477329786809387580688923920630442313192", "-0.024671532324530750323693897242609560262842321128153", "-0.7343643853518221022470774696411687688508652250032", "-0.028184498822344317347567397865455186291878172378286", "-0.0303443454811388802590622987114376317084969821959", "-0.032862119917361758016612316214787539242528631113058", "-0.035834647320823416618620061765032710704637810976085", "-0.039397047474213937871538024480447755431482019775319", "-0.043743681929845966150025893941837987289895870323021", "-0.049164480724371776062559504012220613094877309524508", "-0.056111581423201144114451486862197692871034053508176", "-0.065330310566063074264262356231264800679552294117878", "-0.078139972201366907928104390921733098702472485264231", "-0.097107195238362150276851764093861394001805280558359", "-0.12791962049764013188886368765409993070755115068796", "-0.18570755126558339172994144028452341715195922700221", "-0.3171752178355099360245523101142930177636740013245", "0.043031589134956017086541628513777924701719799278446", "0.35821254523411372605874882481333999935893937480602", "0.21794975532360380029914632818306718611923905466954", "0.15699906222335344973681183929236316164123376592271", "0.12416456956161390345482201370767437237218168760502", "0.10361736980311747959386463823153343640381594154978", "0.089472403292535627665457621975939092722264982162585", "0.079083651156104075705084579559587240182721200291764", "0.071091262570403606305833277543429653596336310653258", "0.064725406901156512895683509127681902699623716678813", "0.059517316456790008078157559112623060728360163089199", "0.055164856281999006887335734710518022456544047009912", "0.051464223474102436542447622372507420695525180433058", "0.048272727321819938325513337601293321588163855098042", "0.045487316305897407929097112182027342322188694852816", "0.043031589134956017086541628513777924701719799278446", "0.040847617474972572976534030908733167122217795394362", "0.038890618930428932906957190007873746662822909178969", "0.037125382653081549501965680477384209355168900151529", "0.035523808172924506897587201907923533814020872932201", "0.034063171712911596587404044812079624943019001228133", "0.032724880011953872258867728356032181984264371703195", "0.031493558237165186270625093286547020143155722030356"], ["-0.019233814761989117241335975209569147755838804451061", "-0.020148070348669346946368290351662053701422109916666", "-0.021153527153186491564112447476001009056301184624506", "-0.022264538998318319085170277681878555533352494207368", "-0.023498636329833424094737199381278504655724611432799", "-0.024877455699099658973728724342277678044379685668224", "-0.02642801557343753383563064755403237327736024675322", "-0.028184498822344317347567397865455186291878172378286", "-0.80726242906199544305306209698658756615446672788009", "-0.032504192139933443170557199557420077125115792013513", "-0.035200930464870478351134775389453715717853860480444", "-0.038384696820316449708970949731558552175557690508684", "-0.042200184637181343002530681134195897716382981624577", "-0.046855518551346295910517593157114547489499409911968", "-0.052661144374709685848391521703348184228710499048878", "-0.060101164651894976509720642433160908096627750812447", "-0.069973537034027918878849226026991002478011559335327", "-0.083690580354591640214830723483541755636982964473781", "-0.10399946487996393356978020071670201477279799137637", "-0.13698644974084884230170880490761308929079414871611", "-0.19883447230251998126180594381944576972363264822087", "-0.3394052731442149836150896110565113124922736804742", "0.048118452560477469546120844683723146915548225825356", "0.38397234817121092895250323965859301173566054461831", "0.23333314620772555765206593606109983439493388136003", "0.16789221287310037721236355912517600563729917405807", "0.13262840669405602683273253657284823674240723538187", "0.11055431025708915311709790328926967970358931596705", "0.095355248398279624916108872968008806672972139889629", "0.08419165829793495156473467372268449858627355137129", "0.075603797179164875562806035516560782682164241700147", "0.068764968019569592471477026823035689177515103159557", "0.063171558760087271637562765653376321020870093733678", "0.05849883048617273985673186001355695080648093578544", "0.054527635870119619384371276997044444041194540156571", "0.051104476438270466313405216692654377435572819078647", "0.048118452560477469546120844683723146915548225825356", "0.045487316305897407929097112182027342322188694852816", "0.043148688018216469320670745201206112236020994320117", "0.041054332406324844205490241229594034822651976325977", "0.039166316449188607841013589175597940469139121168086", "0.037454362930356895511076735234389555635411753093125", "0.035893985552183829350197322537889472332280682804792", "0.034465147978648106247623017676646106792154158676951", "0.033151282044373783593352662485213748099684441319485"], ["-0.020708301137316264566805000137108139907980691958", "-0.021692585572577358974391904002381806629383820178771", "-0.022775050722721770365033126344775161637560414251507", "-0.023971147855254173099401431327802142465313043841725", "-0.025299747491853427909901199416506819149602847548942", "-0.026784139809308105022935843146063277814563712254546", "-0.028453407762269503613939498221828274559945428506651", "-0.0303443454811388802590622987114376317084969821959", "-0.032504192139933443170557199557420077125115792013513", "-0.88620617906334968298467609213010984252995772098933", "-0.037897668789807513531712351221487354310591928947375", "-0.04132494916050795297817782481862778970077863975627", "-0.045432182136263976279855174993121171246805378161599", "-0.050443350154199509095507691557038165080595314386582", "-0.056692534821664934383958386132533805649429440455951", "-0.064700660070555232066247882912451046591879743945602", "-0.075326300590327129694319515522643991814139526095586", "-0.090088878881423914845364913974306965450966361031314", "-0.11194338407330065472524942306773334117809601352779", "-0.14743467550094038221482396544263239050736198438637", "-0.21395540686275512108828310238872083268713418060336", "-0.36498036322790511198546731201476891543953683784593", "0.054320194460509078216634540394580317995599304120653", "0.41372067247914981267557898531687966094000171152058", "0.25105563543090282437357414510233449516293719291826", "0.18041698818641499098629610654283826080995010943754", "0.14234208897840834859763193281580519638167329581689", "0.11850200483470151957752318678075244397185071085486", "0.10208469263713294428909129783776822160971360998979", "0.09002645081982837130149926738668972737184301854053", "0.080751796670550509788204284805797966482510909972225", "0.073368111663183366818842218931238224009452871121969", "0.067331374016609911411828851097323990505478175722686", "0.062290623095593830816202237495680993636964132777063", "0.058008908990521741886568416059223024887846953443374", "0.054320194460509078216634540394580317995599304120653", "0.051104476438270466313405216692654377435572819078647", "0.048272727321819938325513337601293321588163855098042", "0.04575740802366991457898895019288287738640502143507", "0.04350628322453345378469182258916117188757756860396", "0.041478268339160286905902969457308199101211860302977", "0.039640567776303468594877795696633606659178238877707", "0.037966657603460110335674732298353398073413909314437", "0.036434834452724034171687141712942171025015039579612", "0.035027152735353990072321515686431857391821590843285"], ["-0.022427237902565389463295735245546061348241815656938", "-0.023493150374491820591871953693393534149518054486394", "-0.02466537798110748826086802945436418572168935358849", "-0.025960650845904650304017277026900029871781455999675", "-0.027399401041512442180203058050670241676434361115348", "-0.029006845605407986724691144761148093113769355593112", "-0.030814473019154006093382711471743044497607053616832", "-0.032862119917361758016612316214787539242528631113058", "-0.035200930464870478351134775389453715717853860480444", "-0.037897668789807513531712351221487354310591928947375", "-0.97233571989917376117530375902254074495177283066676", "-0.044752229531208392424643298415768225090965350565165", "-0.049199438809492207653926586878938079714912102768711", "-0.054625243942330174283439471668888435337263109532984", "-0.061391251329629289597019894860295418484138818333095", "-0.070061258326704775773154989250643785048137306945248", "-0.081564405890413732388087376239503431398064125620288", "-0.09754476603736911503302956579613833847101985132902", "-0.12119909848373729737444155704851408953653402410035", "-0.15960545402439958984628081146720406119589199054626", "-0.23156118067004988184394017750544418052478840576896", "-0.39471515363136853002671776299597633008762273865489", "0.062005016398035460862330114695919290687781906876322", "0.44846054488445422238383216505060020057466276078735", "0.27169515716095356279538032341117891298247498733724", "0.19497129865149649128749667039379330181798624532987", "0.15360707383892183998071595056813598079993987236466", "0.12770198563614322740747821842794302034140616025499", "0.10986149049418519194580261167439353138306391770853", "0.096759299220335523134826194681856942197234331566209", "0.086684269943568410954200116607162232522166051918206", "0.078666482160944837311725769890891822977074052077652", "0.072114512325992521636535269384542687997117725934962", "0.0666466357862634544835028717877317913738143963303", "0.062005016398035460862330114695919290687781906876322", "0.058008908990521741886568416059223024887846953443374", "0.054527635870119619384371276997044444041194540156571", "0.051464223474102436542447622372507420695525180433058", "0.048745089338436965582942568100538957089869198234443", "0.046313316052614176795602311341252500377169620243661", "0.044124132910125880253823480146601384214938653277988", "0.042141801213919951889283929468185895722719212033355", "0.040337417803249723581530578658348421585414091760119", "0.038687334550982565920275005135197611186700099231945", "0.037172000427270504884204864713135363618363164954775"], ["-0.024456782596078389732509150079202621688489409739504", "-0.025619058290163477775149088165631003243662784094271", "-0.026897250375563144279065281561186856762720019919232", "-0.028309598181567618069095529700508554274179442820361", "-0.029878376540040435072265949531398525021367359608179", "-0.031631076259708054341349837036918115109968688088454", "-0.033602024321564883359634828860548080616278713006499", "-0.035834647320823416618620061765032710704637810976085", "-0.038384696820316449708970949731558552175557690508684", "-0.04132494916050795297817782481862778970077863975627", "-0.044752229531208392424643298415768225090965350565165", "-1.0671559355603138681945797054611487739174671044012", "-0.053646648087776022883209875342107934338858854972256", "-0.059561751147891065212837558295448540460411989016894", "-0.066937591929102921987812093675137816281863307589071", "-0.076388515525578871610282911959362675037430296040268", "-0.088926841162254800380776191804250472659483880631313", "-0.10634352212172923546776061035953335736769560145633", "-0.13212007976266999808155559399604921302875812031966", "-0.17396210708604848952398550059863354070900782054389", "-0.2523177307965878251127509418487415089063243007916", "-0.42971144604138454378692520945399714058728847746386", "0.071710220573421265706600424978799973940395293916457", "0.48956160941909277361787178700613090271346510340006", "0.29603726382958140550461290970555946206504732102204", "0.21209440780740398298122095388019055374005421646523", "0.16683102739693052214107323383372959452600022055998", "0.13848037408410270364698581323067497318092937968125", "0.11895641520156128514406413579734422294035975701874", "0.10462105081764351844368561096505834037991209168462", "0.093601980442240874289928717397842782922857178364699", "0.084837417745552498798544223306224825380476022209793", "0.077679595271573517544210439279795588620359777196872", "0.071710220573421265706600424978799973940395293916457", "0.0666466357862634544835028717877317913738143963303", "0.062290623095593830816202237495680993636964132777063", "0.05849883048617273985673186001355695080648093578544", "0.055164856281999006887335734710518022456544047009912", "0.052207953000275682546186489082624408281751959301095", "0.049565656966322125696325368832574669143888726343976", "0.047188835063275337932391300097027922466866377548442", "0.045038268905424230033081503730984366416508697453306", "0.043082245136619340226891026305900571478200525383515", "0.041294820928551033368553702121165293570377144538105", "0.039654552850254713893563899959465775397433726031137"], ["-0.0268892713870531924950675438511113977426868635089", "-0.028167020999037345512245523363492542434135154174088", "-0.029572190146784432139479740939278964520333903424534", "-0.03112482594892410749288601254957515205914382194835", "-0.032849410483507383548633940257737201186053796528688", "-0.034776157949432049847329842509088089285524426214712", "-0.036942794949266739946897336607474722903375403334125", "-0.039397047474213937871538024480447755431482019775319", "-0.042200184637181343002530681134195897716382981624577", "-0.045432182136263976279855174993121171246805378161599", "-0.049199438809492207653926586878938079714912102768711", "-0.053646648087776022883209875342107934338858854972256", "-1.1727117007130376548123042639653515559998271495666", "-0.065476854208006107542465241248789146581965123061532", "-0.073583063849766371540113202841652757253365533897479", "-0.083969138004846487852640590831780921936954109729606", "-0.097746889430874494755167770919786107239640137046077", "-0.11688289692851987798467075736301844197346295075314", "-0.14519898504181899394794654710503942614374133121089", "-0.19115002980008741332981058992099434161902910133984", "-0.27715161613518930039144357516207070572725748151902", "-0.47149642359178549055400469102198483017044732440737", "0.084245907439540994565581455010890764768320708805329", "0.53894417828335357329978830176506170608185819052481", "0.32517758982269452453693147512619841176537283568823", "0.23253602749164859881694640228190582205381676042196", "0.18257943278869527535709345591771798944491872595514", "0.15128884222889461874899885913552716701558192865815", "0.12974410665714486689576876149355998277031092026818", "0.11393091545913878558056181604195047418689861795855", "0.10178245980501959079954752810561782277073029132786", "0.092126052789411894676531281129821286418335752587795", "0.084245907439540994565581455010890764768320708805329", "0.077679595271573517544210439279795588620359777196872", "0.072114512325992521636535269384542687997117725934962", "0.067331374016609911411828851097323990505478175722686", "0.063171558760087271637562765653376321020870093733678", "0.059517316456790008078157559112623060728360163089199", "0.056279283811354594293470964637421806074852375234686", "0.053388334931288723791863711209414765569175673800133", "0.05079010231867002939009134207699706020992799299561", "0.048441197077603549099160516802470307821866199261084", "0.046306541577432518997227723027500855005435838062041", "0.044357448961335777118610591716754752535191209038439", "0.042570215379568174417838080437639953826692869187493"], ["-0.029857546988664955191021212881701993807246729628333", "-0.031276173766451409014763833187267259446454318248042", "-0.032836250515986402630660240967416253798664014300625", "-0.034560028774832307497843935419496551511425952059668", "-0.03647468200845168621461519592340963956337727725456", "-0.038613744981753807059221767351550721447579513320564", "-0.041019089129086649603407037270519640571745363295183", "-0.043743681929845966150025893941837987289895870323021", "-0.046855518551346295910517593157114547489499409911968", "-0.050443350154199509095507691557038165080595314386582", "-0.054625243942330174283439471668888435337263109532984", "-0.059561751147891065212837558295448540460411989016894", "-0.065476854208006107542465241248789146581965123061532", "-1.2918812838159403650550977997797187386520335703371", "-0.081689273491526635537761164434516367924765944733426", "-0.093215279903266678007728265623276809614448603063643", "-0.10850356783849729049273528081011842745886514170759", "-0.12973440760864832059522213639157576582133740767605", "-0.16114341120858157122904280827628948205609657284077", "-0.21209555906543429762770148136636187412520643105289", "-0.30739086783907261365558333714968235703372781844152", "-0.5222488697647579134304471222436342906190075995756", "0.10088176984482400591091997681752186602946357901276", "0.59938628153248954138401365606644679134824052188345", "0.3606916301891218547259675402511972807060399228473", "0.25737043429995315768023070590946373610679858404558", "0.20166068563459538173398258646898776913929440664873", "0.16677210626010181348410343773440690370112100378099", "0.14275883738148826519165102834304992472712932315683", "0.12514390106333534140075100712262170048495260177231", "0.11162124298225639658437180865587705626206531570371", "0.10088176984482400591091997681752186602946357901276", "0.092126052789411894676531281129821286418335752587795", "0.084837417745552498798544223306224825380476022209793", "0.078666482160944837311725769890891822977074052077652", "0.073368111663183366818842218931238224009452871121969", "0.068764968019569592471477026823035689177515103159557", "0.064725406901156512895683509127681902699623716678813", "0.061149529332129022366908412872870244181125075166534", "0.057960072975107755766260978611653377574988781371736", "0.055096285893732108535741585903878030831849960256985", "0.05250969890923246540779000816144385976486017505832", "0.050161141432102816464113687312890165405001388445613", "0.048018592400313839940646452815606215839096420108438", "0.046055604721102828674622058556557021581810868937462"], ["-0.033559813167440789501502637992617306244212387850125", "-0.035154104514534118747302089437055652406324443362302", "-0.036907335763948088706251984589674596642505841836692", "-0.038844505567259064592381865329952898458093224120919", "-0.040996141156759181146929792774520312399516144002446", "-0.043399914816173010223503922582991348833933561255326", "-0.046102862174391647845201303166019231490872935974963", "-0.049164480724371776062559504012220613094877309524508", "-0.052661144374709685848391521703348184228710499048878", "-0.056692534821664934383958386132533805649429440455951", "-0.061391251329629289597019894860295418484138818333095", "-0.066937591929102921987812093675137816281863307589071", "-0.073583063849766371540113202841652757253365533897479", "-0.081689273491526635537761164434516367924765944733426", "-1.4288959360346324366691496480810984679745452921439", "-0.10474128631500672047769536681203725130413126139386", "-0.12191071501198261797022233899791945722591474019467", "-0.14574945231435554894770912704392889845352789532359", "-0.1810069456378453051518632192367327605889292298676", "-0.23817681618021583004568954475273097536529452831678", "-0.34500780023033027667522036593554335521855479739287", "-0.58518595494664809598654511621636542243247069312448", "0.12370315026186783609200511947402664527374226948103", "0.6750613432018246721530997472332204757119079070631", "0.40492972055718670375234041071976864556912050960537", "0.2881940440991785934273208759407346546551226321164", "0.22527318222843888317329456571094644722796610259724", "0.18588452008715015571655456097817023228772769212825", "0.15879084530098932952946618497001894563083612800613", "0.13893277936699280652998515189309757171226717153936", "0.12370315026186783609200511947402664527374226948103", "0.11162124298225639658437180865587705626206531570371", "0.10178245980501959079954752810561782277073029132786", "0.093601980442240874289928717397842782922857178364699", "0.086684269943568410954200116607162232522166051918206", "0.080751796670550509788204284805797966482510909972225", "0.075603797179164875562806035516560782682164241700147", "0.071091262570403606305833277543429653596336310653258", "0.067101146116448008112936311927344686352203867662366", "0.063546046833773131418421864333500167394978970415942", "0.060357268947011291000107076301508584630181341218155", "0.057480031220371691368736347887220164494105586902459", "0.054870084822232439749894932018154684452493078916292", "0.052491277431066959784729474100093201486126156827123", "0.050313767328190477481701499322926134565363429393158"], ["-0.038305244710611851566582153247245302581540312753041", "-0.040124617500282161728044466392411480899024930364556", "-0.042125331960183368073286090914471723924169335648782", "-0.044335903962904702582824657120126594528596393893664", "-0.046791154352963502904272117687021852299935700128939", "-0.04953405196605638124892306700589593908095333126918", "-0.052618242634459989248811754682243455914568305465952", "-0.056111581423201144114451486862197692871034053508176", "-0.060101164651894976509720642433160908096627750812447", "-0.064700660070555232066247882912451046591879743945602", "-0.070061258326704775773154989250643785048137306945248", "-0.076388515525578871610282911959362675037430296040268", "-0.083969138004846487852640590831780921936954109729606", "-0.093215279903266678007728265623276809614448603063643", "-0.10474128631500672047769536681203725130413126139386", "-1.5903246034649808235940013401136008696435796767975", "-0.13908014370895851546274931118380166314769821899549", "-0.16625353531402996318271600715987472202822621228845", "-0.20642883207879150004325250337829793035052855269218", "-0.27153569864651810743768808923790440638058534504752", "-0.39306110301339498791472536576024457600143950459267", "-0.66526006638525499190468674111708678428719393174625", "0.15633806977284991560196233180060720192772420246316", "0.77253667189142859623194913648887769158891280312022", "