{"Larch": [["-0.33670917571205303221428680072952577547824705496905", "-0.010518948162226957005826070545380036615658650372838", "-0.011102369742873134623536410104254907414164758614901", "-0.011754264541241528986096484491232318923063958662495", "-0.012487429112125654183222969957940489948767884093944", "-0.013318057597564916363212481542149546788491288594748", "-0.014266948323920244559119442204163005094130727894317", "-0.015361263284549183295055545455257813543414746359214", "-0.016637160078986853993244308538795706606976619028036", "-0.018143845603822241636888949944058355218695658204494", "-0.019950034224076532356988968869178303904985717484572", "-0.022154652377121637948012612579337875638411412256535", "-0.024905436564161284370392568796135024104239217940805", "-0.028433134638622868968926140725913662135734254154385", "-0.033118964150412450939826824982276510645775819876795", "-0.03963997601215982188178098298459668752183071550084", "-0.049320568364430383311514915235117949802580921239292", "-0.065125805582816577208312148796326174991875228301943", "-0.09513942786242822330848460587540647865047636958226", "-0.1670325591830720468844222218829398727133061610361", "0.022503146211927355510077065406481292688947636294563", "0.19398783204549824339081451581119568043384392911754", "0.11875616136367282908890025100075310560302182292106", "0.087272371451520697084538658512904203583468884039807", "0.070385622596165848057805052500880787683300007983801", "0.059789019546379661945191894441128080815414647371805", "0.052453513330110328213871467923504725253798728079141", "0.047028022177007093222189720210967752419350027992205", "0.042821110258822486887421194350459714171742002395436", "0.039442311193980421994180046711447184123463137469118", "0.036654206357261984799099076831701158220258754220942", "0.034303885771338528875325263411476674339553754052354", "0.032288222784655907885907408892800542512928700125213", "0.030534990650573894044499134377153224313994202312031", "0.028991986424135755522288213808359698180079112327895", "0.027620461041854822920547000684857126900010339850179", "0.02639098791459991214266595822475037964869380522662", "0.025280774110832940739496542425214828765597225074866", "0.024271857577969486569740932538625303220690393921377", "0.023349866580495414805356632994990557542911900055266", "0.022503146211927355510077065406481292688947636294563"], ["-0.010518948162226957005826070545380036615658650372838", "-0.38908921427114842294120916194357192097052724579132", "-0.011685791323519312241246749663129778212670866856964", "-0.012371922730748814976231691464158460076766612807324", "-0.01314358942875855324235526976212730772647096200098", "-0.014017834956399406202559084291341924331699448150225", "-0.015016548356258902069778116535919598789825143398613", "-0.016168315804936221009927124606904109698040762356944", "-0.01751119035280969642001834253785508803430775740735", "-0.019096957784021652215771809868893145044075284183451", "-0.02099793267539315184045151312737811138157761383032", "-0.023318222798611106042231266782733659540686688444904", "-0.026213299146155314130807705000749113875928360446984", "-0.029925983511655861632517813240958130929073887802847", "-0.034857426918734412011673036862037777878861755992484", "-0.041720049430012169372920619587397876872271577295697", "-0.051907343044577278398560838214433810681709072630389", "-0.068538734171603428470967528687010308640388764422512", "-0.10011710313891065073805275501246685759370094130046", "-0.17572775979534121854434423029058208582984213385072", "0.024241151178988108800387756772368731073400598750742", "0.20421317105588450341064654512902446628631905809206", "0.12491211896014424747436340916961658856581613117315", "0.091717431433963772270464328015553487228883771967655", "0.073903212629139448277962927415935606131080819216698", "0.062718518200904937734817642982232585708376034777832", "0.05497241178980381962265936946226011572857702321722", "0.049241367190054556692498019855442667382234977160091", "0.04479666797812061443902294490215748271942350805352", "0.041226641885273542672751693756333870578431772749188", "0.038280866857934017275130978465393613214600733689693", "0.035797980235790711738030307876705231371394167533194", "0.033669099266813419656608488874677335388044421109021", "0.031817926238473920639821797030982388718045853958434", "0.030189287472207352871625010303927568931465105137008", "0.02874220837138663997720503219162880817988295720968", "0.027445557516794965546908587618182677256246732529461", "0.026275210840640160121311059452175797248409888281746", "0.025212149625001822882594094784138961054105232956356", "0.024241151178988108800387756772368731073400598750742", "0.023349866580495414805356632994990557542911900055266"], ["-0.011102369742873134623536410104254907414164758614901", "-0.011685791323519312241246749663129778212670866856964", "-0.44442887546555491166254174702628488163389332793389", "-0.013058054137978317711216633265187141940862358757684", "-0.013872488481378173742909529811626072483371009572987", "-0.014795182834026104189663195834079306371375641914646", "-0.015849237614443799526910958254117053934113712534025", "-0.017064820701219602763663199595658975995114741456939", "-0.01848209019102476044981360801697597300458057249908", "-0.020155695849807700783561104184002197448561629515807", "-0.02216195034437738179035210856040915302769095720199", "-0.024610715184732416464562879796022979688244001954676", "-0.027666049928418914319763800534511047442254109805986", "-0.031584182801486457031724273566215253903292344252473", "-0.036788396551669003659208560795280111184377663420444", "-0.04403037697666546607535707112003388446147163194483", "-0.054780311024652847409797558825241241572354658757062", "-0.072328930361475702886282247288602344002236624260215", "-0.10564406012737260939410313034680042505501532095318", "-0.18537728735250721303276172915102045686614632602683", "0.026237092429127409969367451574340870478182346840059", "0.21557627433901102002390408696019047915468694887885", "0.13174201447432742546014391711125390690474048107465", "0.096641394422415347723402950762157452249910183340255", "0.077793621899714846483381549101347669055796804947319", "0.065953488180227731212037833966813558052769378327171", "0.057749836919525616783655457759151361309462351970311", "0.051678453530597511449847810636185565206031210920774", "0.046969070258952919311341010077745454293734830165462", "0.043186361633747352114010895364462153866991129771638", "0.040065390364414493329287325898555162908431862280645", "0.037435351668870367737315723653940921357051582512165", "0.035180928953157844053203663492604239174734930707887", "0.033221271966280153958565943698534394102907683662156", "0.03149788368457381115640225280289811102971935426182", "0.029967299271232274892915692247833613828142163999578", "0.028596479541510091364207274008809514181803132511415", "0.027359810902473287903098425426898813690155052714281", "0.026237092429127409969367451574340870478182346840059", "0.025212149625001822882594094784138961054105232956356", "0.024271857577969486569740932538625303220690393921377"], ["-0.011754264541241528986096484491232318923063958662495", "-0.012371922730748814976231691464158460076766612807324", "-0.013058054137978317711216633265187141940862358757684", "-0.50309024334333459150858693503275070399996045906674", "-0.014686922824778029774602426358065003025879660388291", "-0.015663747182049997428886477118525388586632283493127", "-0.016779632106598960132142399917093691265197497126139", "-0.018066512342029924026774841178276934508677837131753", "-0.01956689740163404899753300296733373921732421524736", "-0.021338636135112597962285182670471373366511507975494", "-0.023462506945291533801657176459726583182952185551176", "-0.0260547978155766788087311606123774594066667073543", "-0.029289160571801202831824596897769259164630971033575", "-0.033436795667837270963775037596318065099535342801951", "-0.038945700407459066018116917843470381115606327480695", "-0.046611403879889395105702107607937779671522404710426", "-0.057989715400550888155842245406783864620930989526245", "-0.076562564377439801827358362575989144149477643224681", "-0.11181646052666556217296223015224131059595885176621", "-0.19614723942841526899035829764388503904897657398115", "0.02854857163895715865646063303548957709106732952228", "0.22827818147662153878696634919493368032666191041422", "0.13936307071708035931126815660475080421240378843425", "0.10212636685043503099513392996352468195944881044515", "0.082119892187224044778362414928325517198494860361843", "0.069544921921964369799458491568268135325207184558301", "0.06082844087854752697908467910803564405947646982805", "0.054375808016788170998225495798742761337151776324043", "0.049370155234830168792243315811462758143118717722387", "0.045349608394198339414981184927140972936523956253535", "0.042032925345984597441898583645360433458405722319102", "0.039238687590543535074763307829624066474834223271803", "0.036844342163197022045080225449769459213203802758424", "0.034763916169755436347558696263991778637700018409484", "0.032935172001430331442454474934126667577157474036643", "0.031311841565270105911794827420115512445923555335743", "0.029858738137858224972553453017112443155217238307448", "0.02854857163895715865646063303548957709106732952228", "0.027359810902473287903098425426898813690155052714281", "0.026275210840640160121311059452175797248409888281746", "0.025280774110832940739496542425214828765597225074866"], ["-0.012487429112125654183222969957940489948767884093944", "-0.01314358942875855324235526976212730772647096200098", "-0.013872488481378173742909529811626072483371009572987", "-0.014686922824778029774602426358065003025879660388291", "-0.56550752518465302377770906145181493007051185171887", "-0.016640571539321965083170527878985774147384906597962", "-0.017825986747509425310912386696608035384856415495063", "-0.019193042181113888777498979451680911669610562712908", "-0.020786891045848053803265647119650923265185353962127", "-0.022668978797179511599821733932952647434637877492934", "-0.02492510429871045113949963481000351320913093974499", "-0.027678779957119342956463836934422096032493428349444", "-0.031114440290179099463977368215232291181974884864235", "-0.035520114872621631095905327733901738663274863070136", "-0.041371578165727169642468366992010918924578994189935", "-0.049513629430354064681256624085198941184762654194256", "-0.061598281448531959687612230327510436420518600287741", "-0.081322229112259938139108819208137155005139026519788", "-0.11875428464822895734427364470896818970810736543606", "-0.20824459386865775160474202239627304145051636822067", "0.03125079004294060793340207424758673834837651639169", "0.24257024643552739576117627716863948522975259104966", "0.1479214036916280475938165223249072379478639800355", "0.1082744347280778236672253171383451916955187299627", "0.086960232937824148506010656992645043209713586399349", "0.073555962147999722160128059088569713341925605746234", "0.06426095741051687046788863844740385529062902120152", "0.057378535444682353640522361979473533700761838789796", "0.052039200153980510399195221735193081525160316810332", "0.047751069642957394182564529378549211975020100919208", "0.044214457967937006180994776337799873323185929346309", "0.041235932420740630069184260947686624604490293036991", "0.038684744484196131038640320157192118578885355013664", "0.036469117514394521386253907388890288350237248712856", "0.034522575162303943483023038310533056597258711850807", "0.032795672674626497385549577541992303267594626810711", "0.03125079004294060793340207424758673834837651639169", "0.029858738137858224972553453017112443155217238307448", "0.028596479541510091364207274008809514181803132511415", "0.027445557516794965546908587618182677256246732529461", "0.02639098791459991214266595822475037964869380522662"], ["-0.013318057597564916363212481542149546788491288594748", "-0.014017834956399406202559084291341924331699448150225", "-0.014795182834026104189663195834079306371375641914646", "-0.015663747182049997428886477118525388586632283493127", "-0.016640571539321965083170527878985774147384906597962", "-0.63220788088769935417461324963058367483402112526368", "-0.019011401955696885538654245514230296622327924392163", "-0.02046927750200985062466320523802848043072339077038", "-0.022168997548023416709964020199872639637785503083515", "-0.024176080611643898228984535446444365756451120216677", "-0.026582010850588148350765456196207061021480146374396", "-0.029518481360085572602012721776994816346678181974691", "-0.033182135826015832946949773977553222186916310330846", "-0.037880057789284089347497177715766234227761107629158", "-0.04411946779088330348239034911568037945537833725571", "-0.052800935219457274641065233705820257888500428953886", "-0.065685345985732868288016021459194496627167117895903", "-0.086712367243338102560437010152233103409951869846607", "-0.12660918565660641828743542292665914475123986226977", "-0.22193059546361030778485427200465070340074004405087", "0.034443547481758112801173581056024905848093944591", "0.25877092255895548081394795248411606394082368465263", "0.15760151988168393069246281939572447395346685571982", "0.11521415729848892304224730852819691202012448754941", "0.092412906857673943958072824617467717807455612346576", "0.078065788832365806522292988436947487716391131363444", "0.068113411170033005494129551129612885263867779668162", "0.060743040307591640855235675154858047693859418125604", "0.055025277184124096289732863022766075250053587393302", "0.050434054692219034151970156764279836396786976232423", "0.04664865914822736503156138850647129922200876278408", "0.043461951803819960651967137441020178402639339176797", "0.040733830262844949413522203417791299790969438777058", "0.038365892123455824474447637219885862010866611402528", "0.036286821600291043778409023351550947312591250418006", "0.034443547481758112801173581056024905848093944591", "0.032795672674626497385549577541992303267594626810711", "0.031311841565270105911794827420115512445923555335743", "0.029967299271232274892915692247833613828142163999578", "0.02874220837138663997720503219162880817988295720968", "0.027620461041854822920547000684857126900010339850179"], ["-0.014266948323920244559119442204163005094130727894317", "-0.015016548356258902069778116535919598789825143398613", "-0.015849237614443799526910958254117053934113712534025", "-0.016779632106598960132142399917093691265197497126139", "-0.017825986747509425310912386696608035384856415495063", "-0.019011401955696885538654245514230296622327924392163", "-0.70384044171750689458798780721069636540835522206582", "-0.021927153048322815710672164961826664239118857148597", "-0.023747795344186682295618907542693811145514292429191", "-0.025897640163626235792427965423849055467825518824849", "-0.028474663074310964053793258866701252121268201869954", "-0.031619897240963310014684417029547720291548233491196", "-0.035543924804402324181665695388107043114347707987293", "-0.040575580051225118463046168030271368171394419520157", "-0.047257976020281605725357362065861639809509638863654", "-0.056555327804319540096888676838219142473630707238521", "-0.070352740388736466562952199053690916627651037246277", "-0.092867000451305485926053625119324267663372228524284", "-0.13557566763168221268316718771102821542864919042623", "-0.23753976419498826334225427404237535007600251479384", "0.038261758155862041254018425811043134595981220946941", "0.27728974419326563857078809901733915464503379192229", "0.16863982749652023170690763595259664711445402947682", "0.12310977843108808825288857641304557135203345295773", "0.098603146236194545596779884069228718609110253276506", "0.083175114663316474525500737592272634260534239561107", "0.072469651826319500045768740961805044358177564871179", "0.06454087089155776115970662375814796885177310110264", "0.058390580781388686372841367956265910335161837929005", "0.053453422372563204573301652515519407397618058868275", "0.049384495027557542138653706590667199048856124749757", "0.045960885954200634499591992759230197403638029719555", "0.043031723809711943065528989915176745806865491206643", "0.040490977089350369289747706950779053071355297913442", "0.038261758155862041254018425811043134595981220946941", "0.036286821600291043778409023351550947312591250418006", "0.034522575162303943483023038310533056597258711850807", "0.032935172001430331442454474934126667577157474036643", "0.03149788368457381115640225280289811102971935426182", "0.030189287472207352871625010303927568931465105137008", "0.028991986424135755522288213808359698180079112327895"], ["-0.015361263284549183295055545455257813543414746359214", "-0.016168315804936221009927124606904109698040762356944", "-0.017064820701219602763663199595658975995114741456939", "-0.018066512342029924026774841178276934508677837131753", "-0.019193042181113888777498979451680911669610562712908", "-0.02046927750200985062466320523802848043072339077038", "-0.021927153048322815710672164961826664239118857148597", "-0.78121773391987248557646277269389420092620571715769", "-0.025568437640050548880565650123560958051909727709786", "-0.027882883721277945833305865654860251082178849662974", "-0.030657166416307013501500290168326114748651316777073", "-0.034043083289123433590687480046477984304655577576846", "-0.038267279155618225875864401473363118889393478155032", "-0.04368365121837550225510850187501215216010701324875", "-0.050876665016275718584598104509295207748136893394376", "-0.060883849648819130645165740822768202252944688499762", "-0.075733361204337983324316647286120278004154612812686", "-0.099960985191603752947591771135074028005797565661852", "-0.14590735077562397604430309887004653826406103890602", "-0.25550748179054371731155278313242107389574281959761", "0.042891674402337799482071548178186965275604303877367", "0.29866237971052195673374954644442242742247326685592", "0.18134429286617643486807962268022486787135888858518", "0.13217458664855126975061112274897508607648047233938", "0.10569316384116615508545353401223197642371196565445", "0.089014129536185323983065898845278150843848300489424", "0.077437904714458569296107736010417239547508955503798", "0.068864272088551790003225563194146700506317699015202", "0.062215234773279710281580107619032223410127585313652", "0.056879812164421660040755007855398774290197009596315", "0.052485001465639296827754831440775627887463732658381", "0.048789554245972444925019665997607566638752900005729", "0.045630078884033333416577036110256882208704865140853", "0.042891674402337799482071548178186965275604303877367", "0.040490977089350369289747706950779053071355297913442", "0.038365892123455824474447637219885862010866611402528", "0.036469117514394521386253907388890288350237248712856", "0.034763916169755436347558696263991778637700018409484", "0.033221271966280153958565943698534394102907683662156", "0.031817926238473920639821797030982388718045853958434", "0.030534990650573894044499134377153224313994202312031"], ["-0.016637160078986853993244308538795706606976619028036", "-0.01751119035280969642001834253785508803430775740735", "-0.01848209019102476044981360801697597300458057249908", "-0.01956689740163404899753300296733373921732421524736", "-0.020786891045848053803265647119650923265185353962127", "-0.022168997548023416709964020199872639637785503083515", "-0.023747795344186682295618907542693811145514292429191", "-0.025568437640050548880565650123560958051909727709786", "-0.86537649202778191729896742253446621778291597813756", "-0.030197329802505342786046081186159544112447971616163", "-0.033201530804435245811967610190708693097022111310717", "-0.036867965172147728494061423354116993055570860865866", "-0.041441989534510145124689089310813659098764415766344", "-0.047306693934040492930017072225302390981746470356543", "-0.055094702912313246868603513573584249364174754341808", "-0.065928908507214642325822896636940665710235397184044", "-0.082003976649873912629785521931440192998185223450548", "-0.10822682380844299784392800680301992466734065876764", "-0.15794124208918131876067684374469509628527617002564", "-0.27641103125877036898709706795140835715427310067833", "0.048596683739203495178957981369999292219563806509629", "0.32360321181441214947331225387272884168973349720713", "0.19612377361662121942155428502335242686587807546339", "0.14269078826779139099268957427381082235170648567599", "0.11389701393374219908332973302071903482843832148972", "0.095754280546552140033867754666974569014187008030554", "0.083160479289709075861478479684527139414143326793442", "0.073834414705846649944477732316131314114645458316517", "0.066604418393946223239687395506161882483229450964824", "0.0608059192979679557036750391877301901160116161347", "0.056032885061352471632678489693700018157435253584207", "0.052022510414929966394827723220267067712259970775968", "0.048596683739203495178957981369999292219563806509629", "0.045630078884033333416577036110256882208704865140853", "0.043031723809711943065528989915176745806865491206643", "0.040733830262844949413522203417791299790969438777058", "0.038684744484196131038640320157192118578885355013664", "0.036844342163197022045080225449769459213203802758424", "0.035180928953157844053203663492604239174734930707887", "0.033669099266813419656608488874677335388044421109021", "0.032288222784655907885907408892800542512928700125213"], ["-0.018143845603822241636888949944058355218695658204494", "-0.019096957784021652215771809868893145044075284183451", "-0.020155695849807700783561104184002197448561629515807", "-0.021338636135112597962285182670471373366511507975494", "-0.022668978797179511599821733932952647434637877492934", "-0.024176080611643898228984535446444365756451120216677", "-0.025897640163626235792427965423849055467825518824849", "-0.027882883721277945833305865654860251082178849662974", "-0.030197329802505342786046081186159544112447971616163", "-0.95766989928047397837054460216344816052051260726339", "-0.036205731806365148837889139195257842081596251005271", "-0.040203282856968921348069094438095717527132305490717", "-0.045190209445178412570903425352365030760869897149737", "-0.051584034966924280466009819985088102699071095041638", "-0.060074177534274827685115000051069190414520110886937", "-0.071884171624666192249119032545404185976533301445358", "-0.089404926199497994036034013466480285696147687998318", "-0.11798051055918520472616324750512747223670224466157", "-0.17213501012103420498008026180675460208225708096003", "-0.30103240140439687160720216662793323845845561358454", "0.055759775879358844084867441602377368249746695430156", "0.35308659028248860716159211512763620717324861960907", "0.21353308926424633959136969780869950155651854062336", "0.15503993955852687197688497823523727709914608976829", "0.12350330351615870187462145396784427342449740769678", "0.10362625619336823271011236940779545108460169425847", "0.089828585706898159311332865618096944327472226699889", "0.079613956067421760651729055288480806238372871090555", "0.071699247246391042504199683753126168093528262679613", "0.065356081752991620628161095206424676827434595522244", "0.060139085769155224700236802592740949694096359546129", "0.055759775879358844084867441602377368249746695430156", "0.052022510414929966394827723220267067712259970775968", "0.048789554245972444925019665997607566638752900005729", "0.045960885954200634499591992759230197403638029719555", "0.043461951803819960651967137441020178402639339176797", "0.041235932420740630069184260947686624604490293036991", "0.039238687590543535074763307829624066474834223271803", "0.037435351668870367737315723653940921357051582512165", "0.035797980235790711738030307876705231371394167533194", "0.034303885771338528875325263411476674339553754052354"], ["-0.019950034224076532356988968869178303904985717484572", "-0.02099793267539315184045151312737811138157761383032", "-0.02216195034437738179035210856040915302769095720199", "-0.023462506945291533801657176459726583182952185551176", "-0.02492510429871045113949963481000351320913093974499", "-0.026582010850588148350765456196207061021480146374396", "-0.028474663074310964053793258866701252121268201869954", "-0.030657166416307013501500290168326114748651316777073", "-0.033201530804435245811967610190708693097022111310717", "-0.036205731806365148837889139195257842081596251005271", "-1.0599129671088455788893214531171856983744155799072", "-0.044200833907572693858249049680933592972668359976163", "-0.049682448264585044437410568430918625100506720221971", "-0.056710136020443991008716713581698189571562709720427", "-0.066041288966252247396921465265022027497751075857353", "-0.079019859588326400931365011215433454755520711533375", "-0.098271458598353468235724825845017359631906260830492", "-0.12966262180958806985305954869225170511600310089819", "-0.18912616991036783699785415213319169708233968470437", "-0.33045758691528928524823694745378606027810665387113", "0.064956326647931243377143099682140889282880990073699", "0.38847680138147531225245404733880839346914360784674", "0.23434465768679729696047460089236261352636143992575", "0.16975114504813395050109837188373690165151088521241", "0.13491109175348183406837221062235156738921838331835", "0.11294838872668379147997913664799900396234822394272", "0.097705730551477116070659240918931618478039006556462", "0.086426878883526872974647772611053667904253407684427", "0.07769396830487749757876017391692527976992406899544", "0.070701440361378819021111107543355335717383587444744", "0.064956326647931243377143099682140889282880990073699", "0.060139085769155224700236802592740949694096359546129", "0.056032885061352471632678489693700018157435253584207", "0.052485001465639296827754831440775627887463732658381", "0.049384495027557542138653706590667199048856124749757", "0.04664865914822736503156138850647129922200876278408", "0.044214457967937006180994776337799873323185929346309", "0.042032925345984597441898583645360433458405722319102", "0.040065390364414493329287325898555162908431862280645", "0.038280866857934017275130978465393613214600733689693", "0.036654206357261984799099076831701158220258754220942"], ["-0.022154652377121637948012612579337875638411412256535", "-0.023318222798611106042231266782733659540686688444904", "-0.024610715184732416464562879796022979688244001954676", "-0.0260547978155766788087311606123774594066667073543", "-0.027678779957119342956463836934422096032493428349444", "-0.029518481360085572602012721776994816346678181974691", "-0.031619897240963310014684417029547720291548233491196", "-0.034043083289123433590687480046477984304655577576846", "-0.036867965172147728494061423354116993055570860865866", "-0.040203282856968921348069094438095717527132305490717", "-0.044200833907572693858249049680933592972668359976163", "-1.1746223623208544662434901261088535452524989042962", "-0.055164062621597395016572087180903657228345080467778", "-0.062964787076879639583950545532080487871009884592559", "-0.07332144065247876524314560379305150567277864781775", "-0.087724616008514827699644001599058420201233799422678", "-0.10908558353650962311121998107783411296375384100136", "-0.14390625312659063251886129852747139047322555771852", "-0.20982978933933857173208345248351428338372130252269", "-0.366239681041253859171985434675392618691286440608", "0.077084900042987236403297782944704720644608695634795", "0.43174456491038011286352435704078259211332480462903", "0.25966697510446729612581311458084408684445505809865", "0.18758047662777617086437732368079277620352582231145", "0.14868893218894756698580461526106581049397890203331", "0.12417333320055925471842400710006561802913512279407", "0.1071661681820804367325864602922559659080861643253", "0.094591110932970595901703824004302871709061018163214", "0.084864250787962802957407775305034625225370682464358", "0.077084900042987236403297782944704720644608695634795", "0.070701440361378819021111107543355335717383587444744", "0.065356081752991620628161095206424676827434595522244", "0.0608059192979679557036750391877301901160116161347", "0.056879812164421660040755007855398774290197009596315", "0.053453422372563204573301652515519407397618058868275", "0.050434054692219034151970156764279836396786976232423", "0.047751069642957394182564529378549211975020100919208", "0.045349608394198339414981184927140972936523956253535", "0.043186361633747352114010895364462153866991129771638", "0.041226641885273542672751693756333870578431772749188", "0.039442311193980421994180046711447184123463137469118"], ["-0.024905436564161284370392568796135024104239217940805", "-0.026213299146155314130807705000749113875928360446984", "-0.027666049928418914319763800534511047442254109805986", "-0.029289160571801202831824596897769259164630971033575", "-0.031114440290179099463977368215232291181974884864235", "-0.033182135826015832946949773977553222186916310330846", "-0.035543924804402324181665695388107043114347707987293", "-0.038267279155618225875864401473363118889393478155032", "-0.041441989534510145124689089310813659098764415766344", "-0.045190209445178412570903425352365030760869897149737", "-0.049682448264585044437410568430918625100506720221971", "-0.055164062621597395016572087180903657228345080467778", "-1.3054344079456100527569037764645857228597155832219", "-0.07076551153216188415132900388325731851367468871734", "-0.082400129667919450356432362099125429894995431492736", "-0.098578133804153971927334639738443341192196705740978", "-0.12256596376523768013488195455206672689760603113475", "-0.16165469122758928001931914079678493712220165316867", "-0.23560741045896210118466868003394938774295067286517", "-0.41067905510120478262275877003174818461456377777089", "0.093616020376060315330781516710405767878727917647616", "0.48584552352504428040575729528763661981795479186201", "0.29115007887707376524005163475701886125173507195529", "0.20964816201408285867173636103185608833369590438229", "0.16567668175649298048600267379789659947083923390841", "0.13796851749457130469803909127552479304894129227575", "0.11876118466805742471466921368319593898925982466767", "0.10457478916994179529625555141664997363822142473861", "0.093616020376060315330781516710405767878727917647616", "0.084864250787962802957407775305034625225370682464358", "0.07769396830487749757876017391692527976992406899544", "0.071699247246391042504199683753126168093528262679613", "0.066604418393946223239687395506161882483229450964824", "0.062215234773279710281580107619032223410127585313652", "0.058390580781388686372841367956265910335161837929005", "0.055025277184124096289732863022766075250053587393302", "0.052039200153980510399195221735193081525160316810332", "0.049370155234830168792243315811462758143118717722387", "0.046969070258952919311341010077745454293734830165462", "0.04479666797812061443902294490215748271942350805352", "0.042821110258822486887421194350459714171742002395436"], ["-0.028433134638622868968926140725913662135734254154385", "-0.029925983511655861632517813240958130929073887802847", "-0.031584182801486457031724273566215253903292344252473", "-0.033436795667837270963775037596318065099535342801951", "-0.035520114872621631095905327733901738663274863070136", "-0.037880057789284089347497177715766234227761107629158", "-0.040575580051225118463046168030271368171394419520157", "-0.04368365121837550225510850187501215216010701324875", "-0.047306693934040492930017072225302390981746470356543", "-0.051584034966924280466009819985088102699071095041638", "-0.056710136020443991008716713581698189571562709720427", "-0.062964787076879639583950545532080487871009884592559", "-0.07076551153216188415132900388325731851367468871734", "-1.4578843749627351159473858588071311679215231517901", "-0.094034747803677016561535720314993541276316174268131", "-0.1124844449401500158153374576660363525314577142528", "-0.13983278117626294546273293810833652969224981194056", "-0.18437698615144612898631667502516684177433339428151", "-0.26857579024432214459133661526408780158880586969474", "-0.46733131236271193236799706438982999563137862594648", "0.11709909636294920097108301965235763736335686141404", "0.55542190290719505097539308268399836210940847693443", "0.33136292225587772628353837238371621455900282314114", "0.23768952936870733295404289752336742901843296369226", "0.18717142660091614999848737176891059201488595414711", "0.15536301991346573710215309920542330234582595735851", "0.13334016129884352539666907657292311264333171031267", "0.11709909636294920097108301965235763736335686141404", "0.10457478916994179529625555141664997363822142473861", "0.094591110932970595901703824004302871709061018163214", "0.086426878883526872974647772611053667904253407684427", "0.079613956067421760651729055288480806238372871090555", "0.073834414705846649944477732316131314114645458316517", "0.068864272088551790003225563194146700506317699015202", "0.06454087089155776115970662375814796885177310110264", "0.060743040307591640855235675154858047693859418125604", "0.057378535444682353640522361979473533700761838789796", "0.054375808016788170998225495798742761337151776324043", "0.051678453530597511449847810636185565206031210920774", "0.049241367190054556692498019855442667382234977160091", "0.047028022177007093222189720210967752419350027992205"], ["-0.033118964150412450939826824982276510645775819876795", "-0.034857426918734412011673036862037777878861755992484", "-0.036788396551669003659208560795280111184377663420444", "-0.038945700407459066018116917843470381115606327480695", "-0.041371578165727169642468366992010918924578994189935", "-0.04411946779088330348239034911568037945537833725571", "-0.047257976020281605725357362065861639809509638863654", "-0.050876665016275718584598104509295207748136893394376", "-0.055094702912313246868603513573584249364174754341808", "-0.060074177534274827685115000051069190414520110886937", "-0.066041288966252247396921465265022027497751075857353", "-0.07332144065247876524314560379305150567277864781775", "-0.082400129667919450356432362099125429894995431492736", "-0.094034747803677016561535720314993541276316174268131", "-1.6409866572131920512902518661276109694321763829853", "-0.13093414207662301506913919501707916378659925423746", "-0.16273179786255590991333154700500802390021663077677", "-0.2144910656007024997945769932618912752736724676193", "-0.31221105085448342659878683900136136666692829355139", "-0.54199062527451891552928933320479728650239111628215", "0.15228807039072023722651947631358283380330236736107", "0.64820142443731963205209719739814006259308342710622", "0.38453763101332206913917263397105493403841769781729", "0.27454778238786114956688496617207420349562731235452", "0.21529204404137546665448968097730100534400616698863", "0.1780355442513878056170339009800066517660206965973", "0.15228807039072023722651947631358283380330236736107", "0.13334016129884352539666907657292311264333171031267", "0.11876118466805742471466921368319593898925982466767", "0.1071661681820804367325864602922559659080861643253", "0.097705730551477116070659240918931618478039006556462", "0.089828585706898159311332865618096944327472226699889", "0.083160479289709075861478479684527139414143326793442", "0.077437904714458569296107736010417239547508955503798", "0.072469651826319500045768740961805044358177564871179", "0.068113411170033005494129551129612885263867779668162", "0.06426095741051687046788863844740385529062902120152", "0.06082844087854752697908467910803564405947646982805", "0.057749836919525616783655457759151361309462351970311", "0.05497241178980381962265936946226011572857702321722", "0.052453513330110328213871467923504725253798728079141"], ["-0.03963997601215982188178098298459668752183071550084", "-0.041720049430012169372920619587397876872271577295697", "-0.04403037697666546607535707112003388446147163194483", "-0.046611403879889395105702107607937779671522404710426", "-0.049513629430354064681256624085198941184762654194256", "-0.052800935219457274641065233705820257888500428953886", "-0.056555327804319540096888676838219142473630707238521", "-0.060883849648819130645165740822768202252944688499762", "-0.065928908507214642325822896636940665710235397184044", "-0.071884171624666192249119032545404185976533301445358", "-0.079019859588326400931365011215433454755520711533375", "-0.087724616008514827699644001599058420201233799422678", "-0.098578133804153971927334639738443341192196705740978", "-0.1124844449401500158153374576660363525314577142528", "-0.13093414207662301506913919501707916378659925423746", "-1.8708014978832710539057743150697376506069832230946", "-0.19452945364848880475752389899293688401383400731608", "-0.25626952736274224215729589238429733101720907431021", "-0.37263668711377023044200272032945543429370463998936", "-0.64475474607399289064432686775172681718133908179332", "0.20893251288418888768565121057971523332128269168077", "0.7780573521896434065723032628006766003230305406635", "0.45817645574045708116893146668364551944199154811083", "0.32523302294592167014638798632071837440590563317852", "0.25376162027670863129044844497667657969185121379153", "0.20893251288418888768565121057971523332128269168077", "0.1780355442513878056170339009800066517660206965973", "0.15536301991346573710215309920542330234582595735851", "0.13796851749457130469803909127552479304894129227575", "0.12417333320055925471842400710006561802913512279407", "0.11294838872668379147997913664799900396234822394272", "0.10362625619336823271011236940779545108460169425847", "0.095754280546552140033867754666974569014187008030554", "0.089014129536185323983065898845278150843848300489424", "0.083175114663316474525500737592272634260534239561107", "0.078065788832365806522292988436947487716391131363444", "0.073555962147999722160128059088569713341925605746234", "0.069544921921964369799458491568268135325207184558301", "0.065953488180227731212037833966813558052769378327171", "0.062718518200904937734817642982232585708376034777832", "0.059789019546379661945191894441128080815414647371805"], ["-0.049320568364430383311514915235117949802580921239292", "-0.051907343044577278398560838214433810681709072630389", "-0.054780311024652847409797558825241241572354658757062", "-0.057989715400550888155842245406783864620930989526245", "-0.061598281448531959687612230327510436420518600287741", "-0.065685345985732868288016021459194496627167117895903", "-0.070352740388736466562952199053690916627651037246277", "-0.075733361204337983324316647286120278004154612812686", "-0.082003976649873912629785521931440192998185223450548", "-0.089404926199497994036034013466480285696147687998318", "-0.098271458598353468235724825845017359631906260830492", "-0.10908558353650962311121998107783411296375384100136", "-0.12256596376523768013488195455206672689760603113475", "-0.13983278117626294546273293810833652969224981194056", "-0.16273179786255590991333154700500802390021663077677", "-0.19452945364848880475752389899293688401383400731608", "-2.1797030952475626030058885211408423767215941187406", "-0.31800960107699567955706788577565777802058414130435", "-0.46169030384641094328424213099771470943363995632601", "-0.7948298435491609192732611906713234615705074399524", "0.30979800451735831079644498797287826265506186642999", "0.97257471335726984883826869515939929719040345025942", "0.56696077397194806215667402762974258668462914068198", "0.39948480531655173798980396993695483989443986753489", "0.30979800451735831079644498797287826265506186642999", "0.25376162027670863129044844497667657969185121379153", "0.21529204404137546665448968097730100534400616698863", "0.18717142660091614999848737176891059201488595414711", "0.16567668175649298048600267379789659947083923390841", "0.14868893218894756698580461526106581049397890203331", "0.13491109175348183406837221062235156738921838331835", "0.12350330351615870187462145396784427342449740769678", "0.11389701393374219908332973302071903482843832148972", "0.10569316384116615508545353401223197642371196565445", "0.098603146236194545596779884069228718609110253276506", "0.092412906857673943958072824617467717807455612346576", "0.086960232937824148506010656992645043209713586399349", "0.082119892187224044778362414928325517198494860361843", "0.077793621899714846483381549101347669055796804947319", "0.073903212629139448277962927415935606131080819216698", "0.070385622596165848057805052500880787683300007983801"], ["-0.065125805582816577208312148796326174991875228301943", "-0.068538734171603428470967528687010308640388764422512", "-0.07232893036147570288