{"Larch": [["-0.36324827020043495020350887905055080965384517066801", "-0.0095396286204737748950681869471283484881174952594713", "-0.010134806497262013751235197444419556788106035062837", "-0.010809136292594268083945057469792555543477869205929", "-0.011579518330669208953251795341535948943337753548777", "-0.012468028026189482629041599744613472549126216659735", "-0.013504058523854191962737897106345490763613441043669", "-0.01472762241297784985572366250809662314412066140198", "-0.016194615181967853421208608656976228207202181423238", "-0.01798554661034066053084388942241328134262750949338", "-0.02022072681490927965780093004110527339403137235828", "-0.023088234067157610529723619847045070090020303318242", "-0.026899193896993696277923982037835212935436830728411", "-0.032207274445550916612283974862779510863136470392053", "-0.040099133225631728135954376567110631356776933455848", "-0.053022983407641804690066193868404373734724365033519", "-0.07775621394595460564724908411781664093125145893752", "-0.13903228364243388014307749842226716304708101251113", "0.022908194091042787420388411879611501540256964104997", "0.16780230574731138471401580530760820143419094318259", "0.10343972052064070187449840867755401551746370253901", "0.07714474944724606749928455884247998387952934206108", "0.063003766019835660956242913618434677020187626189171", "0.054060415437813141873638021777484682463914122733765", "0.047811888085061029269544608838334858778103861521701", "0.043146622480650962518437705839340393057578961771222", "0.039496240593332043988922774156810261130367862744719", "0.03653944099150393673746584564695309583455178863779", "0.03408042531190297051798756060435085289667386282735", "0.031992701523047768831863740180092773015796390951509", "0.03019064461402218329701367367680290000103104513473", "0.028614036368015734202554542786744561877254251325115", "0.027219158143756786967093437782254932850706303811719", "0.025973405944100701557146000002284597638778312587809", "0.024851900008001893371660388898672152030160669938399", "0.023835274739943260629401457560375497255353377229696", "0.022908194091042787420388411879611501540256964104997"], ["-0.0095396286204737748950681869471283484881174952594713", "-0.42150650147257778823716468008728729355970234320255", "-0.010729984374050252607402207941710765088094574866203", "-0.011443890128654514678383492731124659071158056179158", "-0.012259481567401020305979664806338482428411172978545", "-0.013200127877618409562534952943984753564378397009801", "-0.014296944504530275376271839138188919218712630200508", "-0.015592288045061862349166241768258002253454522425732", "-0.017145327547895578924942954615525925309928565160919", "-0.019041286359074021235315852231823897949441261272619", "-0.021407515503179891298104568162658265050244025369259", "-0.024443094611825994093189163137036742250210584124119", "-0.028477336194859143676365417955172200612465861225588", "-0.034096244930974011755385290522417107727721384986435", "-0.0424498643491054168467917757686477300389815056248", "-0.05612893732101094967542319436278123268091057001738", "-0.082303986300986661030727810595862527094127056516057", "-0.14712557458130638672107808038946333895701623233936", "0.024816889544661408733062329457655022130161344067613", "0.17765463543441056024785380487731578754098585642937", "0.10938600205438356907289665055253729783354692347577", "0.081478968350632059619002196131960400497911683927108", "0.066458213383659919806305346978699582996773584353392", "0.056951326531371638090397394901330729325370105369821", "0.050305432289649499015832121698572389528809137903492", "0.045341882943197826577333784705443257288649647480835", "0.041457675361884276744282412600967805515107277064887", "0.038311712899656925646409462285186997539269838018454", "0.035695982864953961088841477180331564059073542756492", "0.033475999028173538250682737577493527355221886887615", "0.031560654035901354269154427491421218914449960320737", "0.029885825200965384505808633777873658889433309544601", "0.028404925458731966382001877289654393539055458620467", "0.027083188274243653946277693344453752205243806583036", "0.025894067542198125743379436651575197500411523429244", "0.024816889544661408733062329457655022130161344067613", "0.023835274739943260629401457560375497255353377229696"], ["-0.010134806497262013751235197444419556788106035062837", "-0.010729984374050252607402207941710765088094574866203", "-0.48344303149368251720007444200192635841639918433036", "-0.012157795883258776749364777520538553054221537492112", "-0.013024230164076404155268393238652341098569472034717", "-0.014023509045474461880912534611409416389806337724333", "-0.015188684537150281068489246937308457751367144034084", "-0.016564748779264184297519048533567449686526511937638", "-0.018214551410203133311199745727828452013567563543372", "-0.020228615214077416753589229987554345501062216473536", "-0.022742206894321096134442363190276702545512706682141", "-0.025966773527134409813832158158739628601556807374999", "-0.030252071376940032783261738956518344164902989861526", "-0.036220450436148898950656479847935866149505640451911", "-0.045093187680360013866740906420892477118222083188016", "-0.05962116447077715714219403947209434557266564656747", "-0.087416415010053547346679639356873367237415090919618", "-0.15621861392845679566198980521931351054827767617091", "0.027038569164580887566841363045115383831302339000976", "0.18873608365843766688639827621961146710740235238793", "0.11605911241151878138846880935777330132919367338366", "0.086332071125615339209865585820048356581385697547808", "0.070317623271545428426990724724720100401016992314372", "0.060174246098296490028387852179570800487916042523917", "0.05307976941072676045325186395494889655685021575666", "0.047779790217860786541887523516189084348508091930706", "0.043632161184214882133935938456912745956907354228682", "0.04027338079060521277656192909426290804436441453384", "0.037481596989531046231004695838871653641656931895826", "0.035113257672700345319500698522649241890159533619238", "0.033071033979113911657602878756890218343112265148842", "0.031286370358724544406264180044066225233485995213939", "0.029709422453158040348315346797366565493293793070023", "0.028302968037091844480267367579491317279222464049141", "0.027038569164580887566841363045115383831302339000976", "0.025894067542198125743379436651575197500411523429244", "0.024851900008001893371660388898672152030160669938399"], ["-0.010809136292594268083945057469792555543477869205929", "-0.011443890128654514678383492731124659071158056179158", "-0.012157795883258776749364777520538553054221537492112", "-0.54956376482991958541881545537365713818417289843501", "-0.013890664444894031561172008956766129142917406577321", "-0.014956365626582304446686413156844848057598737840444", "-0.016198980755114115841530736742898425983749012881408", "-0.017666487003265536184557616286824673844602755549019", "-0.019425902515592004623566739369286431805436768753624", "-0.021573751769213856754293305398723644242202329637106", "-0.024254265610187141760882018285953581044268587995002", "-0.02769289573261886394689058073851476304497371611036", "-0.032262546431793505675916956893849432066089817902572", "-0.038626715891437911170785650080675597459034050747891", "-0.048087314207369217241047827230015561124040314614917", "-0.063576445186403688841596477968057328282535988990417", "-0.093205539558268529700319244113514506789968441183272", "-0.16650867236025665415574873576922600751213882893368", "0.029651660167770198521255105749492312957003930767182", "0.20129195112979369461363346707837084336750384550543", "0.12360128348768216716128254976237988099880633284694", "0.091803730403886123429822828227858740450030543938915", "0.074658434806008807646798909053417924267082178093661", "0.063790848197374253367275483664576268165022921524719", "0.056186320139011786034328846882353060824044108768506", "0.050504225949729857600580809926949431503177620540834", "0.04605781149149634556364466523854106330521730604263", "0.042458013152016212340142208536546302256805495868254", "0.039467172704442639150219474773248061909492070671344", "0.036931375117160311552918601447387234003404959431213", "0.034746175825868455672675754915313506172643146728137", "0.032837947724509663018965214242802110172332692810584", "0.031153119637172413351683626946259845443208114813545", "0.029651660167770198521255105749492312957003930767182", "0.028302968037091844480267367579491317279222464049141", "0.027083188274243653946277693344453752205243806583036", "0.025973405944100701557146000002284597638778312587809"], ["-0.011579518330669208953251795341535948943337753548777", "-0.012259481567401020305979664806338482428411172978545", "-0.013024230164076404155268393238652341098569472034717", "-0.013890664444894031561172008956766129142917406577321", "-0.62048878149743003346646456658350954001457559853762", "-0.016022066808270577332200817356923566972280069103566", "-0.017353138910224157981710100635964574404164816033452", "-0.018925094522722704392352818730177522078497871872918", "-0.020809712033266497889165421972416507471066609297699", "-0.023110369234077821792917564687115147262059314249063", "-0.025981532471069326794167019840818156361160451564616", "-0.029664643059436697144850376707335996459553188900794", "-0.034559031680155939940260075385984844931486369318229", "-0.041375166052165008905187165761109982827491455655732", "-0.051506979183616735809035409057340504322152605418676", "-0.068093334344722748594362338787265619113410405573425", "-0.099815112484383071211914847043243538260556027400435", "-0.1782485191229768558937930993701844596943866306534", "0.032761826211531929241428471085653630249855454863218", "0.21563745883477287635862049881404664153486526231095", "0.13219453023346817958143595968232650663266406656096", "0.098021047747932014899881348062248438661380423381047", "0.079577829208836743158352848942872593900971043908715", "0.067879348862756794679299035907804815391756623003774", "0.059690169368207076914103889674309020322392184535797", "0.053570649301854804703521420349983505819658336117889", "0.0487827422158777263420454231565095720528597929799", "0.044907955656229701205416739731907712317663013365888", "0.041690415918998333763194119928665319870009132223371", "0.038964256699642485277482225863553368529257854071555", "0.036616823528590089797054515064239645992472398778347", "0.03456863706411720726267400028723056348030491871384", "0.032761826211531929241428471085653630249855454863218", "0.031153119637172413351683626946259845443208114813545", "0.029709422453158040348315346797366565493293793070023", "0.028404925458731966382001877289654393539055458620467", "0.027219158143756786967093437782254932850706303811719"], ["-0.012468028026189482629041599744613472549126216659735", "-0.013200127877618409562534952943984753564378397009801", "-0.014023509045474461880912534611409416389806337724333", "-0.014956365626582304446686413156844848057598737840444", "-0.016022066808270577332200817356923566972280069103566", "-0.69699006605761179899242911435252385731767858146183", "-0.018684211012177738631219383915005581836049562963338", "-0.020376608379948767922428819416804499631606773257595", "-0.02240559377493180474148695684424748763732878936241", "-0.024882444840529632908096751519663042334504125535437", "-0.027973425603629076686560260337597074238936528056826", "-0.031938405767964383780291969932404734707432042200332", "-0.037207169518996706027125683675850741782801555063181", "-0.044544303457651812851810459311633284809392878974752", "-0.055449747225321864528683697024053497361027331675911", "-0.073300461098367965720578490930299824327523439220411", "-0.1074326620913023888373433951965453538322174781547", "-0.19176739014920237910725912287128953408789551078255", "0.036514433366901352824015339427390337728481264399125", "0.23218456780927598019367916425483022785680421455484", "0.14207563670291743004234507815160984487299367560526", "0.10514874240769467691438648340094668901348420416133", "0.085201352503960703187208946960507662187632874085908", "0.072540538622258315346604583311400836634203105898626", "0.063675023903811163979698874254900209127374934727343", "0.057050285107361073805307532235328859459255256378962", "0.051868685502741931278914291752387340577866453079113", "0.0476775021318888047753084468723091341035695171145", "0.04419965429844480815864607372369092364576083662889", "0.041255353512472196219552352664406574175155267537185", "0.038722379142064516482224728361086174511062497493623", "0.036514433366901352824015339427390337728481264399125", "0.03456863706411720726267400028723056348030491871384", "0.032837947724509663018965214242802110172332692810584", "0.031286370358724544406264180044066225233485995213939", "0.029885825200965384505808633777873658889433309544601", "0.028614036368015734202554542786744561877254251325115"], ["-0.013504058523854191962737897106345490763613441043669", "-0.014296944504530275376271839138188919218712630200508", "-0.015188684537150281068489246937308457751367144034084", "-0.016198980755114115841530736742898425983749012881408", "-0.017353138910224157981710100635964574404164816033452", "-0.018684211012177738631219383915005581836049562963338", "-0.78004641451029614019946831616032560424689346563696", "-0.022069005747719797213638254918603417427163983551851", "-0.024266285156308837796620743308868440537968402561946", "-0.026948522783313597667055874054548862500655646392804", "-0.030295729251491911200395479443244947339658269330198", "-0.034589244719121712810106487135884565281708538047731", "-0.040294329270133200593110066969324935107260220413154", "-0.048238602378433823454752041511151528091299066976383", "-0.060045439251964880265866736162684486801649552764982", "-0.079368933330166879841618391709776962382131647693419", "-0.11630750719921485385795579632469933103183426967383", "-0.20750222461620461915053546277640625701988150603884", "0.04111432039849127711195156637258999769219216667933", "0.25148216618015703548790212949866375167933142821009", "0.1535584829682813706618853968706538039236396212173", "0.11340427263568617128409354122201017373678645530298", "0.091694200223719355800860717640227239939113026401486", "0.077906700365460436168829522560012978897159145243447", "0.068250536954699436346972110819894975292009629043491", "0.06103631121891574814407210676955698794848182581803", "0.055396330328487914774420975535756986698562253881236", "0.050837583710177687794666915005038406291170425689635", "0.047058011812564014830912685434540764804024945701264", "0.043861421535283062952194602080902754871294607993729", "0.04111432039849127711195156637258999769219216667933", "0.038722379142064516482224728361086174511062497493623", "0.036616823528590089797054515064239645992472398778347", "0.034746175825868455672675754915313506172643146728137", "0.033071033979113911657602878756890218343112265148842", "0.031560654035901354269154427491421218914449960320737", "0.03019064461402218329701367367680290000103104513473"], ["-0.01472762241297784985572366250809662314412066140198", "-0.015592288045061862349166241768258002253454522425732", "-0.016564748779264184297519048533567449686526511937638", "-0.017666487003265536184557616286824673844602755549019", "-0.018925094522722704392352818730177522078497871872918", "-0.020376608379948767922428819416804499631606773257595", "-0.022069005747719797213638254918603417427163983551851", "-0.8709259067996415674596532948376898312201279618986", "-0.026463564564897878379603231699133463648772821572042", "-0.02938828130111049789376468362252158503740147781328", "-0.033037970419415949195981220951458790643823031256313", "-0.0377193044619721917092235451902048522453446766717", "-0.043939393974615881269004429379469238643279467785415", "-0.052600201816886161161604339276576213201988247547138", "-0.065470644038285606416185090626124639569433205509715", "-0.086531424277972765170115908808673655501502605711115", "-0.12677845180493652681843552314759887698790874590961", "-0.22604554650305310134422518356218654097915325828754", "0.046858259139055920232459731944516671793951816700347", "0.27427809717414677154636382820010268243820604585692", "0.1670682897925891528061564470082889747967783600457", "0.12308093537735802617678866951776828739135434379261", "0.099278413955148632668493982477482617096864827065042", "0.084155181997534200755233758652426503667429340793153", "0.073563451231312332438772720569218410157843370960865", "0.065653273272617722886167126863343677136017704116357", "0.059473453279867268036950408717565429020968897956661", "0.054482913183072562045082173501220497477087146151709", "0.050349774553529910642557968308500011576938704237127", "0.046858259139055920232459731944516671793951816700347", "0.043861421535283062952194602080902754871294607993729", "0.041255353512472196219552352664406574175155267537185", "0.038964256699642485277482225863553368529257854071555", "0.036931375117160311552918601447387234003404959431213", "0.035113257672700345319500698522649241890159533619238", "0.033475999028173538250682737577493527355221886887615", "0.031992701523047768831863740180092773015796390951509"], ["-0.016194615181967853421208608656976228207202181423238", "-0.017145327547895578924942954615525925309928565160919", "-0.018214551410203133311199745727828452013567563543372", "-0.019425902515592004623566739369286431805436768753624", "-0.020809712033266497889165421972416507471066609297699", "-0.02240559377493180474148695684424748763732878936241", "-0.024266285156308837796620743308868440537968402561946", "-0.026463564564897878379603231699133463648772821572042", "-0.97131448710114392248424860664967392066272600720157", "-0.032312998037323117407926135545909706426030134054519", "-0.036325173346674984604170215577621454141348136098449", "-0.041471217760996962819096983020561981777535295038253", "-0.048308351327045381991354728799553182391906129338758", "-0.057827529267283817718004560792064763112631332742158", "-0.071971823950516894422282067113956502222876602832661", "-0.09511254709412632042590343411003654005189257487384", "-0.1393178127099413578732895595786570536553007364518", "-0.24822132227395923722918317821363688290475108458926", "0.054190441509451300093666028308881685338224280527585", "0.30161824824133264881236083364548778662793139744137", "0.18319594432237973873830308690057417800057429184718", "0.13458435844983924960420343114983765285597951035912", "0.10825998384943766917192949777581233715012465911055", "0.091529765101696339364222891342530501488509484950833", "0.079815139718575470614921217585990402270756882994171", "0.071071910792471581784153618543489391299828911509792", "0.064247732049020887282314499851826478613732326819367", "0.058743254117176269435855089564397021746869249716117", "0.054190441509451300093666028308881685338224280527585", "0.050349774553529910642557968308500011576938704237127", "0.047058011812564014830912685434540764804024945701264", "0.04419965429844480815864607372369092364576083662889", "0.041690415918998333763194119928665319870009132223371", "0.039467172704442639150219474773248061909492070671344", "0.037481596989531046231004695838871653641656931895826", "0.035695982864953961088841477180331564059073542756492", "0.03408042531190297051798756060435085289667386282735"], ["-0.01798554661034066053084388942241328134262750949338", "-0.019041286359074021235315852231823897949441261272619", "-0.020228615214077416753589229987554345501062216473536", "-0.021573751769213856754293305398723644242202329637106", "-0.023110369234077821792917564687115147262059314249063", "-0.024882444840529632908096751519663042334504125535437", "-0.026948522783313597667055874054548862500655646392804", "-0.02938828130111049789376468362252158503740147781328", "-0.032312998037323117407926135545909706426030134054519", "-1.0835255453332579819192577385550968270147216942852", "-0.040337348656026851800414295609333201856666138142379", "-0.04605032762283388552468240675788811945328787553012", "-0.053640135756952803519164259884101007713864794433505", "-0.064206162074773992795524167103603527284281632414068", "-0.079903589133155649825153253427565861382245896588289", "-0.10557913860359352092889965053739101232286964834373", "-0.1546042148060296779397700487261923889737679653657", "-0.2752098628035387522068403085471027799645912034061", "0.063801934792426235371620713181636284423141437703375", "0.33501137286919822543438953056462753593332755059096", "0.2027876663550799983879602889411636220393565123837", "0.14849247149043611352188089504114993279614698072693", "0.11907329014841926813961070033902172511752118166171", "0.10037567675448344341937639326313337348240517202264", "0.08729034890230204314977770779478374285054268413075", "0.077533467594333750483658603174076834907695101857561", "0.069927774995276416969975713698752136557247765694301", "0.063801934792426235371620713181636284423141437703375", "0.058743254117176269435855089564397021746869249716117", "0.054482913183072562045082173501220497477087146151709", "0.050837583710177687794666915005038406291170425689635", "0.0476775021318888047753084468723091341035695171145", "0.044907955656229701205416739731907712317663013365888", "0.042458013152016212340142208536546302256805495868254", "0.04027338079060521277656192909426290804436441453384", "0.038311712899656925646409462285186997539269838018454", "0.03653944099150393673746584564695309583455178863779"], ["-0.02022072681490927965780093004110527339403137235828", "-0.021407515503179891298104568162658265050244025369259", "-0.022742206894321096134442363190276702545512706682141", "-0.024254265610187141760882018285953581044268587995002", "-0.025981532471069326794167019840818156361160451564616", "-0.027973425603629076686560260337597074238936528056826", "-0.030295729251491911200395479443244947339658269330198", "-0.033037970419415949195981220951458790643823031256313", "-0.036325173346674984604170215577621454141348136098449", "-0.040337348656026851800414295609333201856666138142379", "-1.210860427056408678118883964998004547807613200885", "-0.051763306589640919248950517906443037049909612917861", "-0.060291529307415779378539242021484910642464122579068", "-0.072162433214356373127227457601693635760153463837964", "-0.089795149252437849331337992882124026263640836199766", "-0.118627496593106854754596721523002574416110350384", "-0.17364869249769681562966267424566892015995160323625", "-0.30876307911032616655061545325249843398000906987235", "0.076819345223482871268125089280507470208117384684094", "0.37671678637200101179381217791728984013221573822799", "0.2271001678561906834067977473962133044289587774363", "0.16565881877647820127845318510028476321912999153323", "0.13235751004878977813461278333471796903203679164538", "0.11119975563221500459012952317640003312387219588149", "0.09640661301361124993193427946650638175820045715026", "0.085391522011024457302596796426304170691985851190891", "0.076819345223482871268125089280507470208117384684094", "0.069927774995276416969975713698752136557247765694301", "0.064247732049020887282314499851826478613732326819367", "0.059473453279867268036950408717565429020968897956661", "0.055396330328487914774420975535756986698562253881236", "0.051868685502741931278914291752387340577866453079113", "0.0487827422158777263420454231565095720528597929799", "0.04605781149149634556364466523854106330521730604263", "0.043632161184214882133935938456912745956907354228682", "0.041457675361884276744282412600967805515107277064887", "0.039496240593332043988922774156810261130367862744719"], ["-0.023088234067157610529723619847045070090020303318242", "-0.024443094611825994093189163137036742250210584124119", "-0.025966773527134409813832158158739628601556807374999", "-0.02769289573261886394689058073851476304497371611036", "-0.029664643059436697144850376707335996459553188900794", "-0.031938405767964383780291969932404734707432042200332", "-0.034589244719121712810106487135884565281708538047731", "-0.0377193044619721917092235451902048522453446766717", "-0.041471217760996962819096983020561981777535295038253", "-0.04605032762283388552468240675788811945328787553012", "-0.051763306589640919248950517906443037049909612917861", "-1.3582710767304178636371043591985610805323960192551", "-0.068819752025190639508127966136526784235018632240274", "-0.082361996526714100066365927449318935115275389298015", "-0.10247243014003682602546715120735102266821791062707", "-0.13534354409397333863100827242714245875766053475053", "-0.19802576967930799490580510551351409678196000129993", "-0.35159637453044037443422627581017433346835897936477", "0.09518829548250055562770731887864325695926409862723", "0.43027679799220625317415751489525644977998140712123", "0.25808499835017197259076977687428623125994415414232", "0.18740103131309011333119355540095754324603395197833", "0.14909576610682893244220944708391442413039555569658", "0.1247800108173696649100528599333036223050206799481", "0.10780429913693833986892541772596402935882430869396", "0.09518829548250055562770731887864325695926409862723", "0.085391522011024457302596796426304170691985851190891", "0.077533467594333750483658603174076834907695101857561", "0.071071910792471581784153618543489391299828911509792", "0.065653273272617722886167126863343677136017704116357", "0.06103631121891574814407210676955698794848182581803", "0.057050285107361073805307532235328859459255256378962", "0.053570649301854804703521420349983505819658336117889", "0.050504225949729857600580809926949431503177620540834", "0.047779790217860786541887523516189084348508091930706", "0.045341882943197826577333784705443257288649647480835", "0.043146622480650962518437705839340393057578961771222"], ["-0.026899193896993696277923982037835212935436830728411", "-0.028477336194859143676365417955172200612465861225588", "-0.030252071376940032783261738956518344164902989861526", "-0.032262546431793505675916956893849432066089817902572", "-0.034559031680155939940260075385984844931486369318229", "-0.037207169518996706027125683675850741782801555063181", "-0.040294329270133200593110066969324935107260220413154", "-0.043939393974615881269004429379469238643279467785415", "-0.048308351327045381991354728799553182391906129338758", "-0.053640135756952803519164259884101007713864794433505", "-0.060291529307415779378539242021484910642464122579068", "-0.068819752025190639508127966136526784235018632240274", "-1.5336838430200188934571284283420933297434932297434", "-0.095904241028237560624603888762111085995532146355756", "-0.11929876919745991928413674374276314188481754982047", "-0.15751814145023423833863504119068101693187450225395", "-0.23032727409283733375522439035776092491869534356485", "-0.40815169903149032141944593774490384331502704878966", "0.12252297006711575481701319971450493049164455377181", "0.50157630513754866641448401218551119749640998417287", "0.29894809214709229910313199475063785819681450244014", "0.2158700072395657525355626133495669129661509057804", "0.17088731792003088963724318840595854496693697449027", "0.14237998925760241985716020775783365926320607196523", "0.12252297006711575481701319971450493049164455377181", "0.10780429913693833986892541772596402935882430869396", "0.09640661301361124993193427946650638175820045715026", "0.08729034890230204314977770779478374285054268413075", "0.079815139718575470614921217585990402270756882994171", "0.073563451231312332438772720569218410157843370960865", "0.068250536954699436346972110819894975292009629043491", "0.063675023903811163979698874254900209127374934727343", "0.059690169368207076914103889674309020322392184535797", "0.056186320139011786034328846882353060824044108768506", "0.05307976941072676045325186395494889655685021575666", "0.050305432289649499015832121698572389528809137903492", "0.047811888085061029269544608838334858778103861521701"], ["-0.032207274445550916612283974862779510863136470392053", "-0.034096244930974011755385290522417107727721384986435", "-0.036220450436148898950656479847935866149505640451911", "-0.038626715891437911170785650080675597459034050747891", "-0.041375166052165008905187165761109982827491455655732", "-0.044544303457651812851810459311633284809392878974752", "-0.048238602378433823454752041511151528091299066976383", "-0.052600201816886161161604339276576213201988247547138", "-0.057827529267283817718004560792064763112631332742158", "-0.064206162074773992795524167103603527284281632414068", "-0.072162433214356373127227457601693635760153463837964", "-0.082361996526714100066365927449318935115275389298015", "-0.095904241028237560624603888762111085995532146355756", "-1.7509435661279176731662957711252017272299693653384", "-0.14269329736668227794366959872341519777410295328517", "-0.18832509166123257719565061740496598240004568020305", "-0.27513495178103725813209789088964420455974974263454", "-0.48621356353230351161815644999060203264490077439814", "0.16620841228618641790533661740982813378907989379733", "0.60115639616517970425433199567678157807840033926097", "0.35535556831499656477852283525245913593857830941099", "0.25484178827304116668058342611352666283636128729742", "0.20053082446983849522189286364685517062943354347316", "0.16620841228618641790533661740982813378907989379733", "0.14237998925760241985716020775783365926320607196523", "0.1247800108173696649100528599333036223050206799481", "0.11119975563221500459012952317640003312387219588149", "0.10037567675448344341937639326313337348240517202264", "0.091529765101696339364222891342530501488509484950833", "0.084155181997534200755233758652426503667429340793153", "0.077906700365460436168829522560012978897159145243447", "0.072540538622258315346604583311400836634203105898626", "0.067879348862756794679299035907804815391756623003774", "0.063790848197374253367275483664576268165022921524719", "0.060174246098296490028387852179570800487916042523917", "0.056951326531371638090397394901330729325370105369821", "0.054060415437813141873638021777484682463914122733765"], ["-0.040099133225631728135954376567110631356776933455848", "-0.0424498643491054168467917757686477300389815056248", "-0.045093187680360013866740906420892477118222083188016", "-0.048087314207369217241047827230015561124040314614917", "-0.051506979183616735809035409057340504322152605418676", "-0.055449747225321864528683697024053497361027331675911", "-0.060045439251964880265866736162684486801649552764982", "-0.065470644038285606416185090626124639569433205509715", "-0.071971823950516894422282067113956502222876602832661", "-0.079903589133155649825153253427565861382245896588289", "-0.089795149252437849331337992882124026263640836199766", "-0.10247243014003682602546715120735102266821791062707", "-0.11929876919745991928413674374276314188481754982047", "-0.14269329736668227794366959872341519777410295328517", "-2.0373633667150314490128862891578882611909073388009", "-0.23395688595578287644763163608651676702598840712092", "-0.34135577898821474822631203697275870795257313730923", "-0.60072031892084392284298540041299764426850004810246", "0.24343383969940359186758817144313896667987560556795", "0.7499263348715521006939323145568209332489009977702", "0.43836371259527637189888824091510485822402518652701", "0.31163251479300165876976242966166121435214189309494", "0.24343383969940359186758817144313896667987560556795", "0.20053082446983849522189286364685517062943354347316", "0.17088731792003088963724318840595854496693697449027", "0.14909576610682893244220944708391442413039555569658", "0.13235751004878977813461278333471796903203679164538", "0.11907329014841926813961070033902172511752118166171", "0.10825998384943766917192949777581233715012465911055", "0.099278413955148632668493982477482617096864827065042", "0.091694200223719355800860717640227239939113026401486", "0.085201352503960703187208946960507662187632874085908", "0.079577829208836743158352848942872593900971043908715", "0.074658434806008807646798909053417924267082178093661", "0.070317623271545428426990724724720100401016992314372", "0.066458213383659919806305346978699582996773584353392", "0.063003766019835660956242913618434677020187626189171"], ["-0.053022983407641804690066193868404373734724365033519", "-0.05612893732101094967542319436278123268091057001738", "-0.05962116447077715714219403947209434557266564656747", "-0.063576445186403688841596477968057328282535988990417", "-0.068093334344722748594362338787265619113410405573425", "-0.073300461098367965720578490930299824327523439220411", "-0.079368933330166879841618391709776962382131647693419", "-0.086531424277972765170115908808673655501502605711115", "-0.09511254709412632042590343411003654005189257487384", "-0.10557913860359352092889965053739101232286964834373", "-0.118627496593106854754596721523002574416110350384", "-0.13534354409397333863100827242714245875766053475053", "-0.15751814145023423833863504119068101693187450225395", "-0.18832509166123257719565061740496598240004568020305", "-0.23395688595578287644763163608651676702598840712092", "-2.4573068871573746682556062342097274419834434018765", "-0.44875467202064662000499243785900064887915786749754", "-0.78410203540337444604066228257623808288975586859323", "0.40256408158446574797266144061969087791516360979758", "0.99589714007838584497932330221765535831762334899298", "0.5728278323054882215681922163154291832740279052566", "0.40256408158446574797266144061969087791516360979758", "0.31163251479300165876976242966166121435214189309494", "0.25484178827304116668058342611352666283636128729742", "0.2158700072395657525355626133495669129661509057804", "0.18740103131309011333119355540095754324603395197833", "0.16565881877647820127845318510028476321912999153323", "0.14849247149043611352188089504114993279614698072693", "0.13458435844983924960420343114983765285597951035912", "0.12308093537735802617678866951776828739135434379261", "0.11340427263568617128409354122201017373678645530298", "0.10514874240769467691438648340094668901348420416133", "0.098021047747932014899881348062248438661380423381047", "0.091803730403886123429822828227858740450030543938915", "0.086332071125615339209865585820048356581385697547808", "0.081478968350632059619002196131960400497911683927108", "0.07714474944724606749928455884247998387952934206108"], ["-0.07775621394595460564724908411781664093125145893752", "-0.082303986300986661030727810595862527094127056516057", "-0.087416415010053547346679639356873367237415090919618", "-0.093205539558268529700319244113514506789968441183272", "-0.099815112484383071211914847043243538260556027400435", "-0.1074326620913023888373433951965453538322174781547", "-0.11630750719921485385795579632469933103183426967383", "-0.12677845180493652681843552314759887698790874590961", "-0.1393178127099413578732895595786570536553007364518", "-0.1546042148060296779397700487261923889737679653657", "-0.17364869249769681562966267424566892015995160323625", "-0.19802576967930799490580510551351409678196000129993", "-0.23032727409283733375522439035776092491869534356485", "-0.27513495178103725813209789088964420455974974263454", "-0.34135577898821474822631203697275870795257313730923", "-0.44875467202064662000499243785900064887915786749754", "-3.2103835229280048929228138491255511957513954617048", "-1.1194493987861022720763321272934755169003538696889", "0.82822345838702193196148837985903664131232434844514", "1.4774477441113966666407618822432073607165504211565", "0.82822345838702193196148837985903664131232434844514", "0.5728278323054882215681922163154291832740279052566", "0.43836371259527637189888824091510485822402518652701", "0.35535556831499656477852283525245913593857830941099", "0.29894809214709229910313199475063785819681450244014", "0.25808499835017197259076977687428623125994415414232", "0.2271001678561906834067977473962133044289587774363", "0.2027876663550799983879602889411636220393565123837", "0.18319594432237973873830308690057417800057429184718", "0.1670682897925891528061564470082889747967783600457", "0.1535584829682813706618853968706538039236396212173", "0.14207563670291743004234507815160984487299367560526", "0.13219453023346817958143595968232650663266406656096", "0.12360128348768216716128254976237988099880633284694", "0.11605911241151878138846880935777330132919367338366", "0.10938600205438356907289665055253729783354692347577", "0.10343972052064070187449840867755401551746370253901"], ["-0.13903228364243388014307749842226716304708101251113", "-0.14712557458130638672107808038946333895701623233936", "-0.15621861392845679566198980521931351054827767617091", "-0.16650867236025665415574873576922600751213882893368", "-0.1782485191229768558937930993701844596943866306534", "-0.19176739014920237910725912287128953408789551078255", "-0.20750222461620461915053546277640625701988150603884", "-0.22604554650305310134422518356218654097915325828754", "-0.24822132227395923722918317821363688290475108458926", "-0.2752098628035387522068403085471027799645912034061", "-0.30876307911032616655061545325249843398000906987235", "-0.35159637453044037443422627581017433346835897936477", "-0.40815169903149032141944593774490384331502704878966", "-0.48621356353230351161815644999060203264490077439814", "-0.60072031892084392284298540041299764426850004810246", "-0.78410203540337444604066228257623808288975586859323", "-1.1194493987861022720763321272934755169003538696889", "-5.1736803084312208616253224522180382000271051960985", "2.7758963155601461359993088870115487995250025665792", "2.7758963155601461359993088870115487995250025665792", "1.4774477441113966666407618822432073607165504211565", "0.99589714007838584497932330221765535831762334899298", "0.7499263348715521006939323145568209332489009977702", "0.60115639616517970425433199567678157807840033926097", "0.50157630513754866641448401218551119749640998417287", "0.43027679799220625317415751489525644977998140712123", "0.37671678637200101179381217791728984013221573822799", "0.33501137286919822543438953056462753593332755059096", "0.30161824824133264881236083364548778662793139744137", "0.27427809717414677154636382820010268243820604585692", "0.25148216618015703548790212949866375167933142821009", "0.23218456780927598019367916425483022785680421455484", "0.21563745883477287635862049881404664153486526231095", "0.20129195112979369461363346707837084336750384550543", "0.18873608365843766688639827621961146710740235238793", "0.17765463543441056024785380487731578754098585642937", "0.16780230574731138471401580530760820143419094318259"], ["0.022908194091042787420388411879611501540256964104997", "0.024816889544661408733062329457655022130161344067613", "0.027038569164580887566841363045115383831302339000976", "0.029651660167770198521255105749492312957003930767182", "0.032761826211531929241428471085653630249855454863218", "0.036514433366901352824015339427390337728481264399125", "0.04111432039849127711195156637258999769219216667933", "0.046858259139055920232459731944516671793951816700347", "0.054190441509451300093666028308881685338224280527585", "0.063801934792426235371620713181636284423141437703375", "0.076819345223482871268125089280507470208117384684094", "0.09518829548250055562770731887864325695926409862723", "0.12252297006711575481701319971450493049164455377181", "0.16620841228618641790533661740982813378907989379733", "0.24343383969940359186758817144313896667987560556795", "0.40256408158446574797266144061969087791516360979758", "0.82822345838702193196148837985903664131232434844514", "2.7758963155601461359993088870115487995250025665792", "11.848899324504840277162521300927351803029125740394", "2.7758963155601461359993088870115487995250025665792", "0.82822345838702193196148837985903664131232434844514", "0.40256408158446574797266144061969087791516360979758", "0.24343383969940359186758817144313896667987560556795", "0.16620841228618641790533661740982813378907989379733", "0.12252297006711575481701319971450493049164455377181", "0.09518829548250055562770731887864325695926409862723", "0.076819345223482871268125089280507470208117384684094", "0.063801934792426235371620713181636284423141437703375", "0.054190441509451300093666028308881685338224280527585", "0.046858259139055920232459731944516671793951816700347", "0.04111432039849127711195156637258999769219216667933", "0.036514433366901352824015339427390337728481264399125", "0.032761826211531929241428471085653630249855454863218", "0.029651660167770198521255105749492312957003930767182", "0.027038569164580887566841363045115383831302339000976", "0.02481688954