{"Larch": [["0.70420680825511445056129370345652935232643145276019", "-0.018397633559647034139538805743523826979852379900638", "-0.021444724112716123736714930119877769099559430529006", "-0.025697306077339975955352539062844903068481261527449", "-0.032042286041010289055260084655429472384236201240866", "-0.042508071466359836027913131579077617954804810310746", "-0.062914705523302697632601500192645982134756571572249", "-0.11796452850582014903839167223866412434913891394555", "0.047401375129822255636003819627792656311345429552966", "0.17601930017976634816053364663503681904727769671848", "0.1135910235216972275971670115200558393790066302281", "0.088269305400814115483238797449097326432322811309199", "0.073882595520099770533091787722200032543205973150911", "0.064270301562244309080162979325632093091305435186908", "0.057236532164470595546392212448888431370046123850391", "0.05178797570912020828770666131921375519742528351654", "0.047401375129822255636003819627792656311345429552966"], ["-0.018397633559647034139538805743523826979852379900638", "0.56569393537324944607094909440925060534453214918002", "-0.024491814665785213333891054496231711219266481157375", "-0.029347142336186446863259405722505441112795702340855", "-0.036590503534798040693833844292731354185697475020943", "-0.048535680943038036500006713037966065698542917913273", "-0.071818119916033830331214039082470413165737409906572", "-0.13455901099684900152153381665452084057735333628637", "0.056801233514032154175367051823695011067230830903481", "0.20032141689719302094804270318235689980066895629587", "0.12825642986406881223457876899378691341887985357573", "0.098935999296860230445516557768359441773540330430183", "0.08227170725462220732151275076453856522712036888287", "0.071159296155735254348471461414728419763901919777537", "0.063054544912479643983771521540612451243115239523547", "0.056801233514032154175367051823695011067230830903481", "0.05178797570912020828770666131921375519742528351654"], ["-0.021444724112716123736714930119877769099559430529006", "-0.024491814665785213333891054496231711219266481157375", "0.40389178993853533100571079632967542518467796629635", "-0.034202470006587680392627756948779171006324923524335", "-0.042639847969304454373805239190981175668912971952726", "-0.056550303035455644222045265885210850524968396831906", "-0.083649696228595984580544785229030088652355142093871", "-0.15657245026306175915906236908617866644897070731217", "0.070350074877335048760243402877016131448313716246957", "0.23243759283476134013117609713644098708923116164633", "0.14734996043030056543063749693003924149864814541737", "0.11265020084826527975433962579775845877274108727325", "0.092948059446662949387053131290615592871759053886894", "0.079854851684964387774140781042997522580553592589802", "0.070350074877335048760243402877016131448313716246957", "0.063054544912479643983771521540612451243115239523547", "0.057236532164470595546392212448888431370046123850391"], ["-0.025697306077339975955352539062844903068481261527449", "-0.029347142336186446863259405722505441112795702340855", "-0.034202470006587680392627756948779171006324923524335", "0.20894360669905129050683065326819439362100148731952", "-0.051077225932021228354982721433183180331501020381118", "-0.067724219549889626136754020353426690284290133485692", "-0.10013210496926541930985046132244706120103188161705", "-0.18716494532718027885067102212052854030963215325912", "0.091260583854119594590817634842175191939241444201216", "0.27687760330831951021847673948397768010515717584144", "0.17328602192128460054824681891272758614221572669476", "0.13100678470512189977271054864107566249512433862294", "0.10707589605257968602923989665054834441376838471036", "0.091260583854119594590817634842175191939241444201216", "0.079854851684964387774140781042997522580553592589802", "0.071159296155735254348471461414728419763901919777537", "0.064270301562244309080162979325632093091305435186908"], ["-0.032042286041010289055260084655429472384236201240866", "-0.036590503534798040693833844292731354185697475020943", "-0.042639847969304454373805239190981175668912971952726", "-0.051077225932021228354982721433183180331501020381118", "-0.037240731449173206828213837360373307101686279701155", "-0.084371213167758023918525319273670200237079246590266", "-0.12465954448788751478728433126707900163579731223501", "-0.23252751845889996234923378901631032696900919755179", "0.1268450363006548003272677239110147850069270603468", "0.34246856915638765793316863166740985219248881508595", "0.210679896563502238698785088370051538365199617836", "0.15701878622471377521952388567132052801883720713458", "0.1268450363006548003272677239110147850069270603468", "0.10707589605257968602923989665054834441376838471036", "0.092948059446662949387053131290615592871759053886894", "0.08227170725462220732151275076453856522712036888287", "0.073882595520099770533091787722200032543205973150911"], ["-0.042508071466359836027913131579077617954804810310746", "-0.048535680943038036500006713037966065698542917913273", "-0.056550303035455644222045265885210850524968396831906", "-0.067724219549889626136754020353426690284290133485692", "-0.084371213167758023918525319273670200237079246590266", "-0.37382016961660999644164437601654434948330791698255", "-0.16494787580801700565604334326048780303451537787976", "-0.30660567110447093156458802388763039033497417303256", "0.19725045279012574174253207163924311342159582932582", "0.44917851473742407839609211940267986529988083050501", "0.26969011850975429122224715461918929671281807076694", "0.19725045279012574174253207163924311342159582932582", "0.15701878622471377521952388567132052801883720713458", "0.13100678470512189977271054864107566249512433862294", "0.11265020084826527975433962579775845877274108727325", "0.098935999296860230445516557768359441773540330430183", "0.088269305400814115483238797449097326432322811309199"], ["-0.062914705523302697632601500192645982134756571572249", "-0.071818119916033830331214039082470413165737409906572", "-0.083649696228595984580544785229030088652355142093871", "-0.10013210496926541930985046132244706120103188161705", "-0.12465954448788751478728433126707900163579731223501", "-0.16494787580801700565604334326048780303451537787976", "-0.91282170072138073254821600597747623093406355450103", "-0.44826346640092485747313270451477297763543296818535", "0.37834961708919711544181977908910857164965143292861", "0.65388731158590443974680394029040242141134623329993", "0.37834961708919711544181977908910857164965143292861", "0.26969011850975429122224715461918929671281807076694", "0.210679896563502238698785088370051538365199617836", "0.17328602192128460054824681891272758614221572669476", "0.14734996043030056543063749693003924149864814541737", "0.12825642986406881223457876899378691341887985357573", "0.1135910235216972275971670115200558393790066302281"], ["-0.11796452850582014903839167223866412434913891394555", "-0.13455901099684900152153381665452084057735333628637", "-0.15657245026306175915906236908617866644897070731217", "-0.18716494532718027885067102212052854030963215325912", "-0.23252751845889996234923378901631032696900919755179", "-0.30660567110447093156458802388763039033497417303256", "-0.44826346640092485747313270451477297763543296818535", "-2.2025305189372865804088175335509428031600148268477", "1.2049627005793190883567722626929901209347358340426", "1.2049627005793190883567722626929901209347358340426", "0.65388731158590443974680394029040242141134623329993", "0.44917851473742407839609211940267986529988083050501", "0.34246856915638765793316863166740985219248881508595", "0.27687760330831951021847673948397768010515717584144", "0.23243759283476134013117609713644098708923116164633", "0.20032141689719302094804270318235689980066895629587", "0.17601930017976634816053364663503681904727769671848"], ["0.047401375129822255636003819627792656311345429552966", "0.056801233514032154175367051823695011067230830903481", "0.070350074877335048760243402877016131448313716246957", "0.091260583854119594590817634842175191939241444201216", "0.1268450363006548003272677239110147850069270603468", "0.19725045279012574174253207163924311342159582932582", "0.37834961708919711544181977908910857164965143292861", "1.2049627005793190883567722626929901209347358340426", "7.1151982717308898093697264218879546076961741386486", "1.2049627005793190883567722626929901209347358340426", "0.37834961708919711544181977908910857164965143292861", "0.19725045279012574174253207163924311342159582932582", "0.1268450363006548003272677239110147850069270603468", "0.091260583854119594590817634842175191939241444201216", "0.070350074877335048760243402877016131448313716246957", "0.056801233514032154175367051823695011067230830903481", "0.047401375129822255636003819627792656311345429552966"], ["0.17601930017976634816053364663503681904727769671848", "0.20032141689719302094804270318235689980066895629587", "0.23243759283476134013117609713644098708923116164633", "0.27687760330831951021847673948397768010515717584144", "0.34246856915638765793316863166740985219248881508595", "0.44917851473742407839609211940267986529988083050501", "0.65388731158590443974680394029040242141134623329993", "1.2049627005793190883567722626929901209347358340426", "1.2049627005793190883567722626929901209347358340426", "-2.2025305189372865804088175335509428031600148268477", "-0.44826346640092485747313270451477297763543296818535", "-0.30660567110447093156458802388763039033497417303256", "-0.23252751845889996234923378901631032696900919755179", "-0.18716494532718027885067102212052854030963215325912", "-0.15657245026306175915906236908617866644897070731217", "-0.13455901099684900152153381665452084057735333628637", "-0.11796452850582014903839167223866412434913891394555"], ["0.1135910235216972275971670115200558393790066302281", "0.12825642986406881223457876899378691341887985357573", "0.14734996043030056543063749693003924149864814541737", "0.17328602192128460054824681891272758614221572669476", "0.210679896563502238698785088370051538365199617836", "0.26969011850975429122224715461918929671281807076694", "0.37834961708919711544181977908910857164965143292861", "0.65388731158590443974680394029040242141134623329993", "0.37834961708919711544181977908910857164965143292861", "-0.44826346640092485747313270451477297763543296818535", "-0.91282170072138073254821600597747623093406355450103", "-0.16494787580801700565604334326048780303451537787976", "-0.12465954448788751478728433126707900163579731223501", "-0.10013210496926541930985046132244706120103188161705", "-0.083649696228595984580544785229030088652355142093871", "-0.071818119916033830331214039082470413165737409906572", "-0.062914705523302697632601500192645982134756571572249"], ["0.088269305400814115483238797449097326432322811309199", "0.098935999296860230445516557768359441773540330430183", "0.11265020084826527975433962579775845877274108727325", "0.13100678470512189977271054864107566249512433862294", "0.15701878622471377521952388567132052801883720713458", "0.19725045279012574174253207163924311342159582932582", "0.26969011850975429122224715461918929671281807076694", "0.44917851473742407839609211940267986529988083050501", "0.19725045279012574174253207163924311342159582932582", "-0.30660567110447093156458802388763039033497417303256", "-0.16494787580801700565604334326048780303451537787976", "-0.37382016961660999644164437601654434948330791698255", "-0.084371213167758023918525319273670200237079246590266", "-0.067724219549889626136754020353426690284290133485692", "-0.056550303035455644222045265885210850524968396831906", "-0.048535680943038036500006713037966065698542917913273", "-0.042508071466359836027913131579077617954804810310746"], ["0.073882595520099770533091787722200032543205973150911", "0.08227170725462220732151275076453856522712036888287", "0.092948059446662949387053131290615592871759053886894", "0.10707589605257968602923989665054834441376838471036", "0.1268450363006548003272677239110147850069270603468", "0.15701878622471377521952388567132052801883720713458", "0.210679896563502238698785088370051538365199617836", "0.34246856915638765793316863166740985219248881508595", "0.1268450363006548003272677239110147850069270603468", "-0.23252751845889996234923378901631032696900919755179", "-0.12465954448788751478728433126707900163579731223501", "-0.084371213167758023918525319273670200237079246590266", "-0.037240731449173206828213837360373307101686279701155", "-0.051077225932021228354982721433183180331501020381118", "-0.042639847969304454373805239190981175668912971952726", "-0.036590503534798040693833844292731354185697475020943", "-0.032042286041010289055260084655429472384236201240866"], ["0.064270301562244309080162979325632093091305435186908", "0.071159296155735254348471461414728419763901919777537", "0.079854851684964387774140781042997522580553592589802", "0.091260583854119594590817634842175191939241444201216", "0.10707589605257968602923989665054834441376838471036", "0.13100678470512189977271054864107566249512433862294", "0.17328602192128460054824681891272758614221572669476", "0.27687760330831951021847673948397768010515717584144", "0.091260583854119594590817634842175191939241444201216", "-0.18716494532718027885067102212052854030963215325912", "-0.10013210496926541930985046132244706120103188161705", "-0.067724219549889626136754020353426690284290133485692", "-0.051077225932021228354982721433183180331501020381118", "0.20894360669905129050683065326819439362100148731952", "-0.034202470006587680392627756948779171006324923524335", "-0.029347142336186446863259405722505441112795702340855", "-0.025697306077339975955352539062844903068481261527449"], ["0.057236532164470595546392212448888431370046123850391", "0.063054544912479643983771521540612451243115239523547", "0.070350074877335048760243402877016131448313716246957", "0.079854851684964387774140781042997522580553592589802", "0.092948059446662949387053131290615592871759053886894", "0.11265020084826527975433962579775845877274108727325", "0.14734996043030056543063749693003924149864814541737", "0.23243759283476134013117609713644098708923116164633", "0.070350074877335048760243402877016131448313716246957", "-0.15657245026306175915906236908617866644897070731217", "-0.083649696228595984580544785229030088652355142093871", "-0.056550303035455644222045265885210850524968396831906", "-0.042639847969304454373805239190981175668912971952726", "-0.034202470006587680392627756948779171006324923524335", "0.40389178993853533100571079632967542518467796629635", "-0.024491814665785213333891054496231711219266481157375", "-0.021444724112716123736714930119877769099559430529006"], ["0.05178797570912020828770666131921375519742528351654", "0.056801233514032154175367051823695011067230830903481", "0.063054544912479643983771521540612451243115239523547", "0.071159296155735254348471461414728419763901919777537", "0.08227170725462220732151275076453856522712036888287", "0.098935999296860230445516557768359441773540330430183", "0.12825642986406881223457876899378691341887985357573", "0.20032141689719302094804270318235689980066895629587", "0.056801233514032154175367051823695011067230830903481", "-0.13455901099684900152153381665452084057735333628637", "-0.071818119916033830331214039082470413165737409906572", "-0.048535680943038036500006713037966065698542917913273", "-0.036590503534798040693833844292731354185697475020943", "-0.029347142336186446863259405722505441112795702340855", "-0.024491814665785213333891054496231711219266481157375", "0.56569393537324944607094909440925060534453214918002", "-0.018397633559647034139538805743523826979852379900638"], ["0.047401375129822255636003819627792656311345429552966", "0.05178797570912020828770666131921375519742528351654", "0.057236532164470595546392212448888431370046123850391", "0.064270301562244309080162979325632093091305435186908", "0.073882595520099770533091787722200032543205973150911", "0.088269305400814115483238797449097326432322811309199", "0.1135910235216972275971670115200558393790066302281", "0.17601930017976634816053364663503681904727769671848", "0.047401375129822255636003819627792656311345429552966", "-0.11796452850582014903839167223866412434913891394555", "-0.062914705523302697632601500192645982134756571572249", "-0.042508071466359836027913131579077617954804810310746", "-0.032042286041010289055260084655429472384236201240866", "-0.025697306077339975955352539062844903068481261527449", "-0.021444724112716123736714930119877769099559430529006", "-0.018397633559647034139538805743523826979852379900638", "0.70420680825511445056129370345652935232643145276019"]], "Lpr": [["0.34295084808904728379243572009428445534826108317634", "-0.18774244961020178970616290473802430336787038145599", "-0.13758794451808574714771712154908330072326979868614", "-0.11666887036804913462570705378810000037946310281188", "-0.10826818849582526773947614895195555050462125275411", "-0.1090324660050114040634978363685810402729792126314", "-0.12258096663947238815940120632522452570034753891029", "-0.17254900087465757426184621424972828168843859814193", "-0.0032999658099253160509332035616298968847529591682235", "0.128338172573755329224221360306891069073669204478", "0.068268634687802927214147598096526880404603788677019", "0.044760261551477451227505265896075168291713519678675", "0.031689441752041334511914444901811987655203138693739", "0.022862089088103257466322300336786280844795535518773", "0.015884031148383316962893070436577732235035160762908", "0.0089961997767597821927487765167963968807882023176273", "-0.0032999658099253160509332035616298968847529591682235"], ["-0.18774244961020178970616290473802430336787038145599", "0.4794469453873882309337620535994426340826392903606", "-0.087433439425969704589271338360142298078669215916306", "-0.081132080746972807085479128313137848885259463489824", "-0.081776768124366427083913897023265966216871543186819", "-0.089354970103713807652831569276220224499256420425254", "-0.10954867004532650785004886664266457016684297040116", "-0.17001675941873353835446009916834561140853330092293", "0.023048960447257037328385325177855018327120958301457", "0.16784825034674996909051939343750549062886165271974", "0.096714310720914562427515431744810345268212029802908", "0.068010532667645375320872082959485115457671909792141", "0.051637795512245254895376022141797105020937095070986", "0.040412467312962011397362734093020496195851028600003", "0.031547606591351402091281991603854811896797125548977", "0.023048960447257037328385325177855018327120958301457", "0.0089961997767597821927487765167963968807882023176273"], ["-0.13758794451808574714771712154908330072326979868614", "-0.087433439425969704589271338360142298078669215916306", "0.35600048730264373591510693038453377163016108321935", "-0.074830722067975909581686918266133399691849711063343", "-0.078948432473564788331235176354827800285972706822076", "-0.089995480329628508674018312914912866639452155261571", "-0.11507747770016570866524324871329513818888640902237", "-0.18653342341728630510749785132998627407450611792425", "0.04146269375946149431466143576752123772808598733775", "0.20431706317142420818763235512288374615850891966775", "0.11973277948927509580461377800792942568657218551781", "0.085282085122491495310888018661665939183932034870857", "0.065544919006066750843840758191991045330897726169716", "0.052034822471046712850693104316035295675352869010577", "0.04146269375946149431466143576752123772808598733775", "0.031547606591351402091281991603854811896797125548977", "0.015884031148383316962893070436577732235035160762908"], ["-0.11666887036804913462570705378810000037946310281188", "-0.081132080746972807085479128313137848885259463489824", "-0.074830722067975909581686918266133399691849711063343", "0.17372778461842480225895604295519506723544487015198", "-0.083066142879153667080783434443522200880095702580811", "-0.097577859460454808220184010239302600113253377360685", "-0.12849306291089564169309535886234905102123197500871", "-0.21445909875461390398895058459594949267017021963948", "0.064721376924948975093931106574252165212073127017969", "0.25084169404465756114918556735438660380023535812293", "0.14752756542602523943122816318993840074063245645797", "0.10529618602129992092245988577764085654340475311263", "0.081142212458738157557788277798449317000091885862278", "0.064721376924948975093931106574252165212073127017969", "0.052034822471046712850693104316035295675352869010577", "0.040412467312962011397362734093020496195851028600003", "0.022862089088103257466322300336786280844795535518773"], ["-0.10826818849582526773947614895195555050462125275411", "-0.081776768124366427083913897023265966216871543186819", "-0.078948432473564788331235176354827800285972706822076", "-0.083066142879153667080783434443522200880095702580811", "-0.066654714193578959210080726283128883928679430433632", "-0.11208957604175594935958458603508299934641105214056", "-0.15120652292676662899925132107176247609180011122266", "-0.25825675071310064962500630131342525660019505865903", "0.10166825687597463563760974182869575673511533441766", "0.31762326142941980679517936771396836473630157026368", "0.18595985014355505718323009612884850101075381629777", "0.13220509014993614778006607438066415046104767535455", "0.10166825687597463563760974182869575673511533441766", "0.081142212458738157557788277798449317000091885862278", "0.065544919006066750843840758191991045330897726169716", "0.051637795512245254895376022141797105020937095070986", "0.031689441752041334511914444901811987655203138693739"], ["-0.1090324660050114040634978363685810402729792126314", "-0.089354970103713807652831569276220224499256420425254", "-0.089995480329628508674018312914912866639452155261571", "-0.097577859460454808220184010239302600113253377360685", "-0.11208957604175594935958458603508299934641105214056", "-0.40014363637324879923212242863251067544205501811996", "-0.19032346981177730863891805610844195283718917030476", "-0.33134033804877299975771715895259638522708706191827", "0.17292086784855149730334118444995534209562412993707", "0.42505147079721374583387035615123120575697972586474", "0.24556973538061725849179303256163480108218678998544", "0.17292086784855149730334118444995534209562412993707", "0.13220509014993614778006607438066415046104767535455", "0.10529618602129992092245988577764085654340475311263", "0.085282085122491495310888018661665939183932034870857", "0.068010532667645375320872082959485115457671909792141", "0.044760261551477451227505265896075168291713519678675"], ["-0.12258096663947238815940120632522452570034753891029", "-0.10954867004532650785004886664266457016684297040116", "-0.11507747770016570866524324871329513818888640902237", "-0.12849306291089564169309535886234905102123197500871", "-0.15120652292676662899925132107176247609180011122266", "-0.19032346981177730863891805610844195283718917030476", "-0.93741895016411313279167193482278003999847464361873", "-0.47235720628576869087651626179675081761698495353178", "0.35454303667871590027447080472915398956203078005799", "0.63017645100021076399146649357112225862170269125458", "0.35454303667871590027447080472915398956203078005799", "0.24556973538061725849179303256163480108218678998544", "0.18595985014355505718323009612884850101075381629777", "0.14752756542602523943122816318993840074063245645797", "0.11973277948927509580461377800792942568657218551781", "0.096714310720914562427515431744810345268212029802908", "0.068268634687802927214147598096526880404603788677019"], ["-0.17254900087465757426184621424972828168843859814193", "-0.17001675941873353835446009916834561140853330092293", "-0.18653342341728630510749785132998627407450611792425", "-0.21445909875461390398895058459594949267017021963948", "-0.25825675071310064962500630131342525660019505865903", "-0.33134033804877299975771715895259638522708706191827", "-0.47235720628576869087651626179675081761698495353178", "-2.2262353847636754734704771764689407539715895392092", "1.1814432796432004914254578712550587967410465136478", "1.1814432796432004914254578712550587967410465136478", "0.63017645100021076399146649357112225862170269125458", "0.42505147079721374583387035615123120575697972586474", "0.31762326142941980679517936771396836473630157026368", "0.25084169404465756114918556735438660380023535812293", "0.20431706317142420818763235512288374615850891966775", "0.16784825034674996909051939343750549062886165271974", "0.128338172573755329224221360306891069073669204478"], ["-0.0032999658099253160509332035616298968847529591682235", "0.023048960447257037328385325177855018327120958301457", "0.04146269375946149431466143576752123772808598733775", "0.064721376924948975093931106574252165212073127017969", "0.10166825687597463563760974182869575673511533441766", "0.17292086784855149730334118444995534209562412993707", "0.35454303667871590027447080472915398956203078005799", "1.1814432796432004914254578712550587967410465136478", "7.0917706232011954815137896598410137840516378239283", "1.1814432796432004914254578712550587967410465136478", "0.35454303667871590027447080472915398956203078005799", "0.17292086784855149730334118444995534209562412993707", "0.10166825687597463563760974182869575673511533441766", "0.064721376924948975093931106574252165212073127017969", "0.04146269375946149431466143576752123772808598733775", "0.023048960447257037328385325177855018327120958301457", "-0.0032999658099253160509332035616298968847529591682235"], ["0.128338172573755329224221360306891069073669204478", "0.16784825034674996909051939343750549062886165271974", "0.20431706317142420818763235512288374615850891966775", "0.25084169404465756114918556735438660380023535812293", "0.31762326142941980679517936771396836473630157026368", "0.42505147079721374583387035615123120575697972586474", "0.63017645100021076399146649357112225862170269125458", "1.1814432796432004914254578712550587967410465136478", "1.1814432796432004914254578712550587967410465136478", "-2.2262353847636754734704771764689407539715895392092", "-0.47235720628576869087651626179675081761698495353178", "-0.33134033804877299975771715895259638522708706191827", "-0.25825675071310064962500630131342525660019505865903", "-0.21445909875461390398895058459594949267017021963948", "-0.18653342341728630510749785132998627407450611792425", "-0.17001675941873353835446009916834561140853330092293", "-0.17254900087465757426184621424972828168843859814193"], ["0.068268634687802927214147598096526880404603788677019", "0.096714310720914562427515431744810345268212029802908", "0.11973277948927509580461377800792942568657218551781", "0.14752756542602523943122816318993840074063245645797", "0.18595985014355505718323009612884850101075381629777", "0.24556973538061725849179303256163480108218678998544", "0.35454303667871590027447080472915398956203078005799", "0.63017645100021076399146649357112225862170269125458", "0.35454303667871590027447080472915398956203078005799", "-0.47235720628576869087651626179675081761698495353178", "-0.93741895016411313279167193482278003999847464361873", "-0.19032346981177730863891805610844195283718917030476", "-0.15120652292676662899925132107176247609180011122266", "-0.12849306291089564169309535886234905102123197500871", "-0.11507747770016570866524324871329513818888640902237", "-0.10954867004532650785004886664266457016684297040116", "-0.12258096663947238815940120632522452570034753891029"], ["0.044760261551477451227505265896075168291713519678675", "0.068010532667645375320872082959485115457671909792141", "0.085282085122491495310888018661665939183932034870857", "0.10529618602129992092245988577764085654340475311263", "0.13220509014993614778006607438066415046104767535455", "0.17292086784855149730334118444995534209562412993707", "0.24556973538061725849179303256163480108218678998544", "0.42505147079721374583387035615123120575697972586474", "0.17292086784855149730334118444995534209562412993707", "-0.33134033804877299975771715895259638522708706191827", "-0.19032346981177730863891805610844195283718917030476", "-0.40014363637324879923212242863251067544205501811996", "-0.11208957604175594935958458603508299934641105214056", "-0.097577859460454808220184010239302600113253377360685", "-0.089995480329628508674018312914912866639452155261571", "-0.089354970103713807652831569276220224499256420425254", "-0.1090324660050114040634978363685810402729792126314"], ["0.031689441752041334511914444901811987655203138693739", "0.051637795512245254895376022141797105020937095070986", "0.065544919006066750843840758191991045330897726169716", "0.081142212458738157557788277798449317000091885862278", "0.10166825687597463563760974182869575673511533441766", "0.13220509014993614778006607438066415046104767535455", "0.18595985014355505718323009612884850101075381629777", "0.31762326142941980679517936771396836473630157026368", "0.10166825687597463563760974182869575673511533441766", "-0.25825675071310064962500630131342525660019505865903", "-0.15120652292676662899925132107176247609180011122266", "-0.11208957604175594935958458603508299934641105214056", "-0.066654714193578959210080726283128883928679430433632", "-0.083066142879153667080783434443522200880095702580811", "-0.078948432473564788331235176354827800285972706822076", "-0.081776768124366427083913897023265966216871543186819", "-0.10826818849582526773947614895195555050462125275411"], ["0.022862089088103257466322300336786280844795535518773", "0.040412467312962011397362734093020496195851028600003", "0.052034822471046712850693104316035295675352869010577", "0.064721376924948975093931106574252165212073127017969", "0.081142212458738157557788277798449317000091885862278", "0.10529618602129992092245988577764085654340475311263", "0.14752756542602523943122816318993840074063245645797", "0.25084169404465756114918556735438660380023535812293", "0.064721376924948975093931106574252165212073127017969", "-0.21445909875461390398895058459594949267017021963948", "-0.12849306291089564169309535886234905102123197500871", "-0.097577859460454808220184010239302600113253377360685", "-0.083066142879153667080783434443522200880095702580811", "0.17372778461842480225895604295519506723544487015198", "-0.074830722067975909581686918266133399691849711063343", "-0.081132080746972807085479128313137848885259463489824", "-0.11666887036804913462570705378810000037946310281188"], ["0.015884031148383316962893070436577732235035160762908", "0.031547606591351402091281991603854811896797125548977", "0.04146269375946149431466143576752123772808598733775", "0.052034822471046712850693104316035295675352869010577", "0.065544919006066750843840758191991045330897726169716", "0.085282085122491495310888018661665939183932034870857", "0.11973277948927509580461377800792942568657218551781", "0.20431706317142420818763235512288374615850891966775", "0.04146269375946149431466143576752123772808598733775", "-0.18653342341728630510749785132998627407450611792425", "-0.11507747770016570866524324871329513818888640902237", "-0.089995480329628508674018312914912866639452155261571", "-0.078948432473564788331235176354827800285972706822076", "-0.074830722067975909581686918266133399691849711063343", "0.35600048730264373591510693038453377163016108321935", "-0.087433439425969704589271338360142298078669215916306", "-0.13758794451808574714771712154908330072326979868614"], ["0.0089961997767597821927487765167963968807882023176273", "0.023048960447257037328385325177855018327120958301457", "0.031547606591351402091281991603854811896797125548977", "0.040412467312962011397362734093020496195851028600003", "0.051637795512245254895376022141797105020937095070986", "0.068010532667645375320872082959485115457671909792141", "0.096714310720914562427515431744810345268212029802908", "0.16784825034674996909051939343750549062886165271974", "0.023048960447257037328385325177855018327120958301457", "-0.17001675941873353835446009916834561140853330092293", "-0.10954867004532650785004886664266457016684297040116", "-0.089354970103713807652831569276220224499256420425254", "-0.081776768124366427083913897023265966216871543186819", "-0.081132080746972807085479128313137848885259463489824", "-0.087433439425969704589271338360142298078669215916306", "0.4794469453873882309337620535994426340826392903606", "-0.18774244961020178970616290473802430336787038145599"], ["-0.0032999658099253160509332035616298968847529591682235", "0.0089961997767597821927487765167963968807882023176273", "0.015884031148383316962893070436577732235035160762908", "0.022862089088103257466322300336786280844795535518773", "0.031689441752041334511914444901811987655203138693739", "0.044760261551477451227505265896075168291713519678675", "0.068268634687802927214147598096526880404603788677019", "0.128338172573755329224221360306891069073669204478", "-0.0032999658099253160509332035616298968847529591682235", "-0.17254900087465757426184621424972828168843859814193", "-0.12258096663947238815940120632522452570034753891029", "-0.1090324660050114040634978363685810402729792126314", "-0.10826818849582526773947614895195555050462125275411", "-0.11666887036804913462570705378810000037946310281188", "-0.13758794451808574714771712154908330072326979868614", "-0.18774244961020178970616290473802430336787038145599", "0.34295084808904728379243572009428445534826108317634"]], "L": 3.8918202981106265, "idx": [-8, -7, -6, -5, -4, -3, -2, -1, 0, 1, 2, 3, 4, 5, 6, 7, 8], "lam": 7.0, "N": 8, "kind": "zeta"}