{"Larch": [["-0.32356742368389390781776278267158049134204730001975", "-0.0067155525046493263450101460012429617468564366264388", "-0.007194452977135016991066406538819711397979522516133", "-0.0077468514819279676524122982626990601976906864270009", "-0.0083910596219271648183885656318597098599693968704188", "-0.0091520166024106360537330261436092256809504294456381", "-0.010064582168856998694808586834510255130430063179089", "-0.011179006352389383534525541741526904561198612836729", "-0.012570459231202056485235947509567947001135030684049", "-0.014356623252015137314050705896326948045158167635595", "-0.016732581876554923101067673046659848462467817164696", "-0.020046617958599761091423016879129779763058254505434", "-0.02498595373479751049195798900077532681483398302284", "-0.033114487821988093667123829178106186914570631949648", "-0.048865565539068715161772053409600711673082032829839", "-0.090098821447136254366872820260127108842779054608547", "0.021927003773826640190072103252382750290559401999058", "0.1207733201452644883285529181163620377611521578293", "0.076987891017189694352617558433925442928947184643755", "0.05958697170780514230289037281008570732564837259554", "0.050074778279001130599290158604277596553795433012196", "0.043913186586049993242283832845079789842454364929982", "0.039499542705818259867862910661038476996480865255309", "0.036124944783938640082989724223616980074101059682183", "0.033426158108836205748508120173032982721124212893427", "0.031196686609167126832959443850677453649051646153078", "0.029309677452907479932736877887819597695403124732476", "0.02768237791757428393892490499238126435935751893326", "0.02625815568750575519128077023584595888349208755184", "0.024996712938215047897915317202218799651412859422443", "0.023868434223890750668814670571796247736461996966737", "0.022850957202164574594429595163790031324024429051493", "0.021927003773826640190072103252382750290559401999058"], ["-0.0067155525046493263450101460012429617468564366264388", "-0.3889831104077407008106440090366180373293075649816", "-0.0076733534496207076371226670763964610491026084058272", "-0.008262500970567288306113374393427109423107811327282", "-0.0089495619943531109761813721753986258976737169517455", "-0.0097611326268509634809137461792007916644739276504379", "-0.010734388101698533164768275001163713807144788489619", "-0.011922915327012726399444774364907561696922308871778", "-0.013406874477852446505268204867900087751746258406565", "-0.01531175709543586368518077588321244633244588401174", "-0.017845585140099989407296287162817280319757970557836", "-0.021379724503994804566064303966918461564678436293333", "-0.026646899301174618141680520182550996366468305422513", "-0.035314399098432990943966636109511455678546814893249", "-0.052107874234024052763061430902551307821253232537793", "-0.096054769228742463511291582707190262206773527321555", "0.023836507525725037959077586535957797759720457907424", "0.12874137468588410174565060962371235023040269498278", "0.081911622989062577923066246930111819674582691777296", "0.063270445275163723894440401632937300051898639774539", "0.053063743057087996754253332530883941727513952466861", "0.046444623540584959221648531787395927421919905007803", "0.041700261525364335401809246692575688365211212963964", "0.038072240115238093102444263779292431975053673150756", "0.035171449874639924535182827398001502045819023742116", "0.032776363238909479048708176761174137623881149602225", "0.030750686651209752183846758843382100073093507186833", "0.029005375241505961257537791569059119209596517224018", "0.027479404139067054507439693059441844832764255113998", "0.026129293846888775549448369459485291129922477138475", "0.024923054455909374014118974591556220477266080883743", "0.023836507525725037959077586535957797759720457907424", "0.022850957202164574594429595163790031324024429051493"], ["-0.007194452977135016991066406538819711397979522516133", "-0.0076733534496207076371226670763964610491026084058272", "-0.45904732169719204392508752412035413352357789301355", "-0.0088516484915138689751040817104577577971130142487367", "-0.0095876662667193126457107247248997083219592712247046", "-0.010457059019261048762177439213468901869597700731975", "-0.011499646764717989546679676982355526996655333510567", "-0.012772827702491130151909195822609781826486248964968", "-0.014362461315891069649959127833150692202186866740022", "-0.016402957616266600263474791427043301372923494812585", "-0.019117114101409899628567989673619882728589890826837", "-0.022902654621147482002613374732532017177520194947501", "-0.028544253886330009192136305493166449898204875124182", "-0.037827221430143198517316087839794637008496288210287", "-0.05581075096605766485688966122139754505226578454879", "-0.10285333967329029088622765314032824691120975185353", "0.026087211881106876930234747508268816246064962644085", "0.13783568989491775570450216140371960431570304854202", "0.087510684016480283270578054055518587219813023038741", "0.067443609906033396337473523321721638940192830843972", "0.056438026196349591442663110286843964103992650293122", "0.049292938119016836424741752780227105762500037292731", "0.044168942274113587553755842381024295835926904032454", "0.040250601713564702661471260486706188785727781796308", "0.037118940934833589633923986237746864004679097930659", "0.034535046573193400208961691710633728870532617341705", "0.032351688322077688009720484923372873453185012003193", "0.030472524389151028013324209914877342419944482249212", "0.02883143327709350689761516844928177967437451909553", "0.027381243746759497148951000442295726395812295121597", "0.026087211881106876930234747508268816246064962644085", "0.024923054455909374014118974591556220477266080883743", "0.023868434223890750668814670571796247736461996966737"], ["-0.0077468514819279676524122982626990601976906864270009", "-0.008262500970567288306113374393427109423107811327282", "-0.0088516484915138689751040817104577577971130142487367", "-0.53448260844303312632366523238167664333744350431943", "-0.010323684041924756316317367739341658846805528200672", "-0.011259764283134638655714117964974473905840043973594", "-0.012382312855786029737204875406321450063169439931177", "-0.013753122505235445446110474350647787833829557644026", "-0.015464623880766509784930137057689279083201637238279", "-0.017661509137058722144869909713140891968891908239892", "-0.020583609188537904007634262239785900575943730337994", "-0.024659030387351683631052036360291299600071092534846", "-0.030732321152420691438473219246800749020548415221453", "-0.040724778724006131471537288452728324929634615606442", "-0.060079760281925282664324713904210252984552400030614", "-0.11068681393843832604548795075948412100405114665393", "0.028774816525154626615260811294324706557078653174302", "0.1483133569225200146101883216261608444666184815985", "0.093934839517013226753623529773250343554274758857907", "0.072212063555880100419509623636232851236274446162267", "0.060278595295635677349590592169038183039351807030878", "0.052523192930712986724733188029709598182478540156146", "0.046959499682830822107906364701628614448192162889358", "0.04270571422381863124330002759656438611486982159856", "0.039308016621802516234353894235280417423812055653488", "0.036507169076134639717328317775228796446334691504907", "0.034143137748755581791669379124843770464067534883712", "0.032111031592512065387842055399266304928988544603293", "0.030338756547837801932523938455671361173234020429301", "0.028774816525154626615260811294324706557078653174302", "0.027381243746759497148951000442295726395812295121597", "0.026129293846888775549448369459485291129922477138475", "0.024996712938215047897915317202218799651412859422443"], ["-0.0083910596219271648183885656318597098599693968704188", "-0.0089495619943531109761813721753986258976737169517455", "-0.0095876662667193126457107247248997083219592712247046", "-0.010323684041924756316317367739341658846805528200672", "-0.61619707948073995633681589495950051514144748462099", "-0.012195844524344520995110868190607288964874559746515", "-0.013411627262716666447648629239811345671351395796429", "-0.01489626865967234182270817655441649749617090079181", "-0.01674985884047694815208332938727618414230066449768", "-0.019129074156085515310580418107900738593309184247736", "-0.022293596712973428622853744656526607530800097360881", "-0.026706937008126958961728417591855533993394744582585", "-0.033283400791232683328742700685233135292266276099051", "-0.044102678133126284266561724087549065605504514207083", "-0.065055367905925335299125448520697112398327087213608", "-0.11981073483812137783904891285222434483652802105878", "0.032033024905744575192892326213796903674069001622216", "0.16051620622747730468145799003889180625995879004459", "0.10138187691408022554433359388129262944006620793352", "0.077714446729067090868564756394604485241813111119796", "0.06469123775423320445370983966331192315723664048285", "0.056220068046750501021265573663183201537142308883017", "0.050141898778650576464807683170571407409025367949916", "0.045496735185173546378016732614243651639168524219572", "0.041789601654988879861887457334011521237342934846196", "0.038737209700804134766549540894970246698388987681363", "0.036164356921059233523850594891397653614561765023911", "0.033956019228791927201066378144423172919240460812161", "0.032033024905744575192892326213796903674069001622216", "0.030338756547837801932523938455671361173234020429301", "0.02883143327709350689761516844928177967437451909553", "0.027479404139067054507439693059441844832764255113998", "0.02625815568750575519128077023584595888349208755184"], ["-0.0091520166024106360537330261436092256809504294456381", "-0.0097611326268509634809137461792007916644739276504379", "-0.010457059019261048762177439213468901869597700731975", "-0.011259764283134638655714117964974473905840043973594", "-0.012195844524344520995110868190607288964874559746515", "-0.70535490966019612481214960640758919540066573789815", "-0.014627410001088811900186390289015402377828231846343", "-0.016246480727336252236506830736321101761819071314458", "-0.018267863612521090537740816452832482534776032748068", "-0.020862381564020763889447805587224101000417840373042", "-0.024313147150699210148402319949710471243985204883754", "-0.029125452422090698622831342492063574831481442055264", "-0.036295908829359563662118676755893970481893664149413", "-0.048091032334224004675493081074666787685583258514654", "-0.070928648281656536888460401890707092779821812487729", "-0.13057222386949906352344271731838605042369336719", "0.036053831217570856664528980250560921186700234473919", "0.17490887712346245682117206155801673086202823586052", "0.11011862471703597527813701404066954624044626698583", "0.08413661039002506314454158672211961197086223046739", "0.069817043239471719483631220186906537298710720498141", "0.060496062582443939897289101279045107193518363172363", "0.053808824855297346903626421485934860136901834285", "0.048701878502368994565412710436735370561615362217688", "0.044630940927585374643834737624780932300617539824759", "0.041283862412061567554632561349249123481552165052757", "0.038467223656554650405705902657207412785011113822503", "0.036053831217570856664528980250560921186700234473919", "0.033956019228791927201066378144423172919240460812161", "0.032111031592512065387842055399266304928988544603293", "0.030472524389151028013324209914877342419944482249212", "0.029005375241505961257537791569059119209596517224018", "0.02768237791757428393892490499238126435935751893326"], ["-0.010064582168856998694808586834510255130430063179089", "-0.010734388101698533164768275001163713807144788489619", "-0.011499646764717989546679676982355526996655333510567", "-0.012382312855786029737204875406321450063169439931177", "-0.013411627262716666447648629239811345671351395796429", "-0.014627410001088811900186390289015402377828231846343", "-0.80348431311453081118115808960011348197016280942383", "-0.017865551453583692572827271183626801145809910782574", "-0.020088090418237229856518029534741022613249933198931", "-0.022940705418331414552534944019960333874614376548608", "-0.026734581438101809710456302364884238460524448143107", "-0.032025060906291075967360332932673209322212084097048", "-0.039907325300738022289107391167040398499237902866592", "-0.05287154981038617507196546547261698558669111946727", "-0.077966303066727502511994653340918554080071010067902", "-0.14345498096598909148158230921053834465101171556152", "0.041121955339436823521000517304518553543153081105945", "0.1921394486802398448867501026350196520656515511066", "0.12051412761021304087633063106814329195863580855518", "0.0917338427278030535325975849537453823053768814146", "0.075848789899511757439618192363758104418463502808461", "0.06550429408801279001712080071691580783160813617361", "0.058086089533821481828864722221869251544072463418209", "0.052427130767278277298683245773544239558053220692043", "0.047923071534733940562947022508880728671642304917598", "0.044226560960122113841728295645999888000466922784289", "0.041121955339436823521000517304518553543153081105945", "0.038467223656554650405705902657207412785011113822503", "0.036164356921059233523850594891397653614561765023911", "0.034143137748755581791669379124843770464067534883712", "0.032351688322077688009720484923372873453185012003193", "0.030750686651209752183846758843382100073093507186833", "0.029309677452907479932736877887819597695403124732476"], ["-0.011179006352389383534525541741526904561198612836729", "-0.011922915327012726399444774364907561696922308871778", "-0.012772827702491130151909195822609781826486248964968", "-0.013753122505235445446110474350647787833829557644026", "-0.01489626865967234182270817655441649749617090079181", "-0.016246480727336252236506830736321101761819071314458", "-0.017865551453583692572827271183626801145809910782574", "-0.91264995258267652154918640723586338391695375451469", "-0.022310629382890767140208787885855244080689955615289", "-0.025478282400705275542388780438127100239016609431626", "-0.029690924766274515422999312758636717565429293929952", "-0.035564938269467921815993598369934811366312627425667", "-0.044315680070168888232363415163723117969923501283395", "-0.058705882869853255488488497854115349660171320914719", "-0.086552124725748046789018565077674518784965452822949", "-0.15915365965503976634517668896390228758916194115889", "0.047676122760883547531425827136534704064148969093559", "0.21313994869362219863270784001688429738679769729552", "0.13309409843419456209898134945466784587722178304043", "0.1008671255762519490413829896318597309263091140977", "0.083057585388211407440575535713556943308022996161618", "0.071459283055269681630688520138383137044280853813337", "0.063149532266315160122310855115568988390064621698261", "0.056820423406082150415652653083367429602044666409207", "0.051792990534046742512110216255498818660904199958785", "0.047676122760883547531425827136534704064148969093559", "0.044226560960122113841728295645999888000466922784289", "0.041283862412061567554632561349249123481552165052757", "0.038737209700804134766549540894970246698388987681363", "0.036507169076134639717328317775228796446334691504907", "0.034535046573193400208961691710633728870532617341705", "0.032776363238909479048708176761174137623881149602225", "0.031196686609167126832959443850677453649051646153078"], ["-0.012570459231202056485235947509567947001135030684049", "-0.013406874477852446505268204867900087751746258406565", "-0.014362461315891069649959127833150692202186866740022", "-0.015464623880766509784930137057689279083201637238279", "-0.01674985884047694815208332938727618414230066449768", "-0.018267863612521090537740816452832482534776032748068", "-0.020088090418237229856518029534741022613249933198931", "-0.022310629382890767140208787885855244080689955615289", "-1.0357426117690914688629973048692468126073010436707", "-0.028645935418519783944568772990398956397343263247962", "-0.033381072457966389564394575195027454307798963087283", "-0.039983041231660306707921868531294667128186851362459", "-0.049816942741988418505402071983190086442231887700422", "-0.065984933567245753158144439847767370776067593974605", "-0.097259040616224260063820194609644397902344702357559", "-0.17870266397963248051731496054648043666180079623655", "0.056424466778855336865380154014333447582253834682165", "0.23930112403545697260747635422829980199429632539672", "0.148634571215903095022900363188720154873012956906", "0.11206510329981037778516406031528836501785448407161", "0.091838269952469921988974229346841292257082408809693", "0.07867235324282048538229600537101685866927860838477", "0.069253829526972726355347972472813576423689948649229", "0.06209582692534701158604341581464894118089364121084", "0.056424466778855336865380154014333447582253834682165", "0.051792990534046742512110216255498818660904199958785", "0.047923071534733940562947022508880728671642304917598", "0.044630940927585374643834737624780932300617539824759", "0.041789601654988879861887457334011521237342934846196", "0.039308016621802516234353894235280417423812055653488", "0.037118940934833589633923986237746864004679097930659", "0.035171449874639924535182827398001502045819023742116", "0.033426158108836205748508120173032982721124212893427"], ["-0.014356623252015137314050705896326948045158167635595", "-0.01531175709543586368518077588321244633244588401174", "-0.016402957616266600263474791427043301372923494812585", "-0.017661509137058722144869909713140891968891908239892", "-0.019129074156085515310580418107900738593309184247736", "-0.020862381564020763889447805587224101000417840373042", "-0.022940705418331414552534944019960333874614376548608", "-0.025478282400705275542388780438127100239016609431626", "-0.028645935418519783944568772990398956397343263247962", "-1.1769975999805385313208904014485877102512877423807", "-0.038116209497412995184220377399655952218254662926605", "-0.045651594138230568089598416301742522493608645419708", "-0.056873945183144630025679838314120463123861429184575", "-0.075319683104427245461538356562109474370748676656266", "-0.11098166165576515528767047893349348620334499017948", "-0.20371211873981792994610599180582735003921038506798", "0.068577381378480354123944286443580933865053420100754", "0.2727945064672040671764819951306371467932512739773", "0.16833240528639452601928582276417783390305253692311", "0.12613620717164339395813734364585709715937425880356", "0.10279137953165080434656904774113586031657565172403", "0.087615543964598841159534736901134843258163764354165", "0.076784580676625996378418491354599155871461734179782", "0.068577381378480354123944286443580933865053420100754", "0.06209582692534701158604341581464894118089364121084", "0.056820423406082150415652653083367429602044666409207", "0.052427130767278277298683245773544239558053220692043", "0.048701878502368994565412710436735370561615362217688", "0.045496735185173546378016732614243651639168524219572", "0.04270571422381863124330002759656438611486982159856", "0.040250601713564702661471260486706188785727781796308", "0.038072240115238093102444263779292431975053673150756", "0.036124944783938640082989724223616980074101059682183"], ["-0.016732581876554923101067673046659848462467817164696", "-0.017845585140099989407296287162817280319757970557836", "-0.019117114101409899628567989673619882728589890826837", "-0.020583609188537904007634262239785900575943730337994", "-0.022293596712973428622853744656526607530800097360881", "-0.024313147150699210148402319949710471243985204883754", "-0.026734581438101809710456302364884238460524448143107", "-0.029690924766274515422999312758636717565429293929952", "-0.033381072457966389564394575195027454307798963087283", "-0.038116209497412995184220377399655952218254662926605", "-1.342999916529704839556505577197140150738593702511", "-0.053186978779048140994976455203829092768962627912811", "-0.06625281302601044744640956877135271857666481231356", "-0.087720840973431995553977682949593981754913347899486", "-0.1291980246953531953135330043169528696996175719927", "-0.23683130058829891689848311468706162960340152949625", "0.086359646524462579008638397084120414878938100605314", "0.317210323033577933228010905492107589509180693535", "0.19413848213437046616972409778465705716821593690432", "0.14438647569042743719617709042869188042355525010691", "0.11688213843455718429964799025521504157005868318909", "0.099045703370236280827148838201206733756019985016053", "0.086359646524462579008638397084120414878938100605314", "0.076784580676625996378418491354599155871461734179782", "0.069253829526972726355347972472813576423689948649229", "0.063149532266315160122310855115568988390064621698261", "0.058086089533821481828864722221869251544072463418209", "0.053808824855297346903626421485934860136901834285", "0.050141898778650576464807683170571407409025367949916", "0.046959499682830822107906364701628614448192162889358", "0.044168942274113587553755842381024295835926904032454", "0.041700261525364335401809246692575688365211212963964", "0.039499542705818259867862910661038476996480865255309"], ["-0.020046617958599761091423016879129779763058254505434", "-0.021379724503994804566064303966918461564678436293333", "-0.022902654621147482002613374732532017177520194947501", "-0.024659030387351683631052036360291299600071092534846", "-0.026706937008126958961728417591855533993394744582585", "-0.029125452422090698622831342492063574831481442055264", "-0.032025060906291075967360332932673209322212084097048", "-0.035564938269467921815993598369934811366312627425667", "-0.039983041231660306707921868531294667128186851362459", "-0.045651594138230568089598416301742522493608645419708", "-0.053186978779048140994976455203829092768962627912811", "-1.5448483224294788199632355676736729583594869227338", "-0.07931864727297275389784268233887634438436699671431", "-0.10498777207062392283347829682247642624788870789282", "-0.15453504000078821341971852068799412867650255335266", "-0.28274238104061161087435977955786976381201125489211", "0.11426897158516472300936136754171031640851824630894", "0.3789432066690156122651754656080970365555379137763", "0.22947069083628741005039560535444079287352716044962", "0.16908315749911188447007128363275700207261998485938", "0.13577870701384666488793959530621994538550549553374", "0.11426897158516472300936136754171031640851824630894", "0.099045703370236280827148838201206733756019985016053", "0.087615543964598841159534736901134843258163764354165", "0.07867235324282048538229600537101685866927860838477", "0.071459283055269681630688520138383137044280853813337", "0.06550429408801279001712080071691580783160813617361", "0.060496062582443939897289101279045107193518363172363", "0.056220068046750501021265573663183201537142308883017", "0.052523192930712986724733188029709598182478540156146", "0.049292938119016836424741752780227105762500037292731", "0.046444623540584959221648531787395927421919905007803", "0.043913186586049993242283832845079789842454364929982"], ["-0.02498595373479751049195798900077532681483398302284", "-0.026646899301174618141680520182550996366468305422513", "-0.028544253886330009192136305493166449898204875124182", "-0.030732321152420691438473219246800749020548415221453", "-0.033283400791232683328742700685233135292266276099051", "-0.036295908829359563662118676755893970481893664149413", "-0.039907325300738022289107391167040398499237902866592", "-0.044315680070168888232363415163723117969923501283395", "-0.049816942741988418505402071983190086442231887700422", "-0.056873945183144630025679838314120463123861429184575", "-0.06625281302601044744640956877135271857666481231356", "-0.07931864727297275389784268233887634438436699671431", "-1.803524181705874717826434009835653034294623319413", "-0.13065689686827509176911391130607650811141041907134", "-0.19214323636469594318065643986255302082257033167183", "-0.35055029229649122986653214529753423695455934095138", "0.16266587629969909223616238001185698160673955706475", "0.47059557745741328549777909519749171274351889587443", "0.28093558052116410404176865330332698241650951997695", "0.20456912960940968995120185020013319442361812508419", "0.16266587629969909223616238001185698160673955706475", "0.13577870701384666488793959530621994538550549553374", "0.11688213843455718429964799025521504157005868318909", "0.10279137953165080434656904774113586031657565172403", "0.091838269952469921988974229346841292257082408809693", "0.083057585388211407440575535713556943308022996161618", "0.075848789899511757439618192363758104418463502808461", "0.069817043239471719483631220186906537298710720498141", "0.06469123775423320445370983966331192315723664048285", "0.060278595295635677349590592169038183039351807030878", "0.056438026196349591442663110286843964103992650293122", "0.053063743057087996754253332530883941727513952466861", "0.050074778279001130599290158604277596553795433012196"], ["-0.033114487821988093667123829178106186914570631949648", "-0.035314399098432990943966636109511455678546814893249", "-0.037827221430143198517316087839794637008496288210287", "-0.040724778724006131471537288452728324929634615606442", "-0.044102678133126284266561724087549065605504514207083", "-0.048091032334224004675493081074666787685583258514654", "-0.05287154981038617507196546547261698558669111946727", "-0.058705882869853255488488497854115349660171320914719", "-0.065984933567245753158144439847767370776067593974605", "-0.075319683104427245461538356562109474370748676656266", "-0.087720840973431995553977682949593981754913347899486", "-0.10498777207062392283347829682247642624788870789282", "-0.13065689686827509176911391130607650811141041907134", "-2.1661865058501253188659304299024062164902845247472", "-0.25362957586111679459219896841902953353373024427233", "-0.46049699001059929891524126229326310137613380189139", "0.26044013402235715357125447711783481151278954911011", "0.62090869603883537981450234682338376795725122461087", "0.3632540759990519432039451662252076805220935077866", "0.26044013402235715357125447711783481151278954911011", "0.20456912960940968995120185020013319442361812508419", "0.16908315749911188447007128363275700207261998485938", "0.14438647569042743719617709042869188042355525010691", "0.12613620717164339395813734364585709715937425880356", "0.11206510329981037778516406031528836501785448407161", "0.1008671255762519490413829896318597309263091140977", "0.0917338427278030535325975849537453823053768814146", "0.08413661039002506314454158672211961197086223046739", "0.077714446729067090868564756394604485241813111119796", "0.072212063555880100419509623636232851236274446162267", "0.067443609906033396337473523321721638940192830843972", "0.063270445275163723894440401632937300051898639774539", "0.05958697170780514230289037281008570732564837259554"], ["-0.048865565539068715161772053409600711673082032829839", "-0.052107874234024052763061430902551307821253232537793", "-0.05581075096605766485688966122139754505226578454879", "-0.060079760281925282664324713904210252984552400030614", "-0.065055367905925335299125448520697112398327087213608", "-0.070928648281656536888460401890707092779821812487729", "-0.077966303066727502511994653340918554080071010067902", "-0.086552124725748046789018565077674518784965452822949", "-0.097259040616224260063820194609644397902344702357559", "-0.11098166165576515528767047893349348620334499017948", "-0.1291980246953531953135330043169528696996175719927", "-0.15453504000078821341971852068799412867650255335266", "-0.19214323636469594318065643986255302082257033167183", "-0.25362957586111679459219896841902953353373024427233", "-2.7735430611913069394579282911715640298925761699692", "-0.66736440416008180323828355616749666921853735951046", "0.51747498896409412765298119988626698403604944580134", "0.91242145333881943795006945190418820178757838090527", "0.51747498896409412765298119988626698403604944580134", "0.3632540759990519432039451662252076805220935077866", "0.28093558052116410404176865330332698241650951997695", "0.22947069083628741005039560535444079287352716044962", "0.19413848213437046616972409778465705716821593690432", "0.16833240528639452601928582276417783390305253692311", "0.148634571215903095022900363188720154873012956906", "0.13309409843419456209898134945466784587722178304043", "0.12051412761021304087633063106814329195863580855518", "0.11011862471703597527813701404066954624044626698583", "0.10138187691408022554433359388129262944006620793352", "0.093934839517013226753623529773250343554274758857907", "0.087510684016480283270578054055518587219813023038741", "0.081911622989062577923066246930111819674582691777296", "0.076987891017189694352617558433925442928947184643755"], ["-0.090098821447136254366872820260127108842779054608547", "-0.096054769228742463511291582707190262206773527321555", "-0.10285333967329029088622765314032824691120975185353", "-0.11068681393843832604548795075948412100405114665393", "-0.11981073483812137783904891285222434483652802105878", "-0.13057222386949906352344271731838605042369336719", "-0.14345498096598909148158230921053834465101171556152", "-0.15915365965503976634517668896390228758916194115889", "-0.17870266397963248051731496054648043666180079623655", "-0.20371211873981792994610599180582735003921038506798", "-0.23683130058829891689848311468706162960340152949625", "-0.28274238104061161087435977955786976381201125489211", "-0.35055029229649122986653214529753423695455934095138", "-0.46049699001059929891524126229326310137613380189139", "-0.66736440416008180323828355616749666921853735951046", "-4.3059323883661540914211041045186438459462597238129", "1.7023143820882700585442459559400306372906362511131", "1.7023143820882700585442459559400306372906362511131", "0.91242145333881943795006945190418820178757838090527", "0.62090869603883537981450234682338376795725122461087", "0.47059557745741328549777909519749171274351889587443", "0.3789432066690156122651754656080970365555379137763", "0.317210323033577933228010905492107589509180693535", "0.2727945064672040671764819951306371467932512739773", "0.23930112403545697260747635422829980199429632539672", "0.21313994869362219863270784001688429738679769729552", "0.1921394486802398448867501026350196520656515511066", "0.17490887712346245682117206155801673086202823586052", "0.16051620622747730468145799003889180625995879004459", "0.1483133569225200146101883216261608444666184815985", "0.13783568989491775570450216140371960431570304854202", "0.12874137468588410174565060962371235023040269498278", "0.1207733201452644883285529181163620377611521578293"], ["0.021927003773826640190072103252382750290559401999058", "0.023836507525725037959077586535957797759720457907424", "0.026087211881106876930234747508268816246064962644085", "0.028774816525154626615260811294324706557078653174302", "0.032033024905744575192892326213796903674069001622216", "0.036053831217570856664528980250560921186700234473919", "0.041121955339436823521000517304518553543153081105945", "0.047676122760883547531425827136534704064148969093559", "0.056424466778855336865380154014333447582253834682165", "0.068577381378480354123944286443580933865053420100754", "0.086359646524462579008638397084120414878938100605314", "0.11426897158516472300936136754171031640851824630894", "0.16266587629969909223616238001185698160673955706475", "0.26044013402235715357125447711783481151278954911011", "0.51747498896409412765298119988626698403604944580134", "1.7023143820882700585442459559400306372906362511131", "7.7184370565651574181854956005310271099966510164165", "1.7023143820882700585442459559400306372906362511131", "0.51747498896409412765298119988626698403604944580134", "0.26044013402235715357125447711783481151278954911011", "0.16266587629969909223616238001185698160673955706475", "0.11426897158516472300936136754171031640851824630894", "0.086359646524462579008638397084120414878938100605314", "0.068577381378480354123944286443580933865053420100754", "0.056424466778855336865380154014333447582253834682165", "0.047676122760883547531425827136534704064148969093559", "0.041121955339436823521000517304518553543153081105945", "0.036053831217570856664528980250560921186700234473919", "0.032033024905744575192892326213796903674069001622216", "0.028774816525154626615260811294324706557078653174302", "0.026087211881106876930234747508268816246064962644085", "0.023836507525725037959077586535957797759720457907424", "0.021927003773826640190072103252382750290559401999058"], ["0.1207733201452644883285529181163620377611521578293", "0.12874137468588410174565060962371235023040269498278", "0.13783568989491775570450216140371960431570304854202", "0.1483133569225200146101883216261608444666184815985", "0.16051620622747730468145799003889180625995879004459", "0.17490887712346245682117206155801673086202823586052", "0.1921394486802398448867501026350196520656515511066", "0.21313994869362219863270784001688429738679769729552", "0.23930112403545697260747635422829980199429632539672", "0.2727945064672040671764819951306371467932512739773", "0.317210323033577933228010905492107589509180693535", "0.3789432066690156122651754656080970365555379137763", "0.47059557745741328549777909519749171274351889587443", "0.62090869603883537981450234682338376795725122461087", "0.91242145333881943795006945190418820178757838090527", "1.7023143820882700585442459559400306372906362511131", "1.7023143820882700585442459559400306372906362511131", "-4.3059323883661540914211041045186438459462597238129", "-0.66736440416008180323828355616749666921853735951046", "-0.46049699001059929891524126229326310137613380189139", "-0.35055029229649122986653214529753423695455934095138", "-0.28274238104061161087435977955786976381201125489211", "-0.23683130058829891689848311468706162960340152949625", "-0.20371211873981792994610599180582735003921038506798", "-0.17870266397963248051731496054648043666180079623655", "-0.15915365965503976634517668896390228758916194115889", "-0.14345498096598909148158230921053834465101171556152", "-0.13057222386949906352344271731838605042369336719", "-0.11981073483812137783904891285222434483652802105878", "-0.11068681393843832604548795075948412100405114665393", "-0.10285333967329029088622765314032824691120975185353", "-0.096054769228742463511291582707190262206773527321555", "-0.090098821447136254366872820260127108842779054608547"], ["0.076987891017189694352617558433925442928947184643755", "0.081911622989062577923066246930111819674582691777296", "0.087510684016480283270578054055518587219813023038741", "0.093934839517013226753623529773250343554274758857907", "0.10138187691408022554433359388129262944006620793352", "0.11011862471703597527813701404066954624044626698583", "0.12051412761021304087633063106814329195863580855518", "0.13309409843419456209898134945466784587722178304043", "0.148634571215903095022900363188720154873012956906", "0.16833240528639452601928582276417783390305253692311", "0.19413848213437046616972409778465705716821593690432", "0.22947069083628741005039560535444079287352716044962", "0.28093558052116410404176865330332698241650951997695", "0.3632540759990519432039451662252076805220935077866", "0.51747498896409412765298119988626698403604944580134", "0.91242145333881943795006945190418820178757838090527", "0.51747498896409412765298119988626698403604944580134", "-0.66736440416008180323828355616749666921853735951046", "-2.7735430611913069394579282911715640298925761699692", "-0.25362957586111679459219896841902953353373024427233", "-0.19214323636469594318065643986255302082257033167183", "-0.15453504000078821341971852068799412867650255335266", "-0.1291980246953531953135330043169528696996175719927", "-0.11098166165576515528767047893349348620334499017948", "-0.097259040616224260063820194609644397902344702357559", "-0.086552124725748046789018565077674518784965452822949", "-0.077966303066727502511994653340918554080071010067902", "-0.070928648281656536888460401890707092779821812487729", "-0.065055367905925335299125448520697112398327087213608", "-0.060079760281925282664324713904210252984552400030614", "-0.05581075096605766485688966122139754505226578454879", "-0.052107874234024052763061430902551307821253232537793", "-0.048865565539068715161772053409600711673082032829839"], ["0.05958697170780514230289037281008570732564837259554", "0.063270445275163723894440401632937300051898639774539", "0.067443609906033396337473523321721638940192830843972", "0.072212063555880100419509623636232851236274446162267", "0.077714446729067090868564756394604485241813111119796", "0.08413661039002506314454158672211961197086223046739", "0.0917338427278030535325975849537453823053768814146", "0.1008671255762519490413829896318597309263091140977", "0.11206510329981037778516406031528836501785448407161", "0.12613620717164339395813734364585709715937425880356", "0.14438647569042743719617709042869188042355525010691", "0.16908315749911188447007128363275700207261998485938", "0.20456912960940968995120185020013319442361812508419", "0.26044013402235715357125447711783481151278954911011", "0.3632540759990519432039451662252076805220935077866", "0.62090869603883537981450234682338376795725122461087", "0.26044013402235715357125447711783481151278954911011", "-0.46049699001059929891524126229326310137613380189139", "-0.25362957586111679459219896841902953353373024427233", "-2.1661865058501253188659304299024062164902845247472", "-0.13065689686827509176911391130607650811141041907134", "-0.10498777207062392283347829682247642624788870789282", "-0.087720840973431995553977682949593981754913347899486", "-0.075319683104427245461538356562109474370748676656266", "-0.065984933567245753158144439847767370776067593974605", "-0.058705882869853255488488497854115349660171320914719", "-0.05287154981038617507196546547261698558669111946727", "-0.048091032334224004675493081074666787685583258514654", "-0.044102678133126284266561724087549065605504514207083", "-0.040724778724006131471537288452728324929634615606442", "-0.037827221430143198517316087839794637008496288210287", "-0.035314399098432990943966636109511455678546814893249", "-0.033114487821988093667123829178106186914570631949648"], ["0.050074778279001130599290158604277596553795433012196", "0.053063743057087996754253332530883941727513952466861", "0.056438026196349591442663110286843964103992650293122", "0.060278595295635677349590592169038183039351807030878", "0.06469123775423320445370983966331192315723664048285", "0.069817043239471719483631220186906537298710720498141", "0.075848789899511757439618192363758104418463502808461", "0.083057585388211407440575535713556943308022996161618", "0.091838269952469921988974229346841292257082408809693", "0.10279137953165080434656904774113586031657565172403", "0.11688213843455718429964799025521504157005868318909", "0.13577870701384666488793959530621994538550549553374", "0.16266587629969909223616238001185698160673955706475", "0.20456912960940968995120185020013319442361812508419", "0.28093558052116410404176865330332698241650951997695", "0.47059557745741328549777909519749171274351889587443", "0.16266587629969909223616238001185698160673955706475", "-0.35055029229649122986653214529753423695455934095138", "-0.19214323636469594318065643986255302082257033167183", "-0.13065689686827509176911391130607650811141041907134", "-1.803524181705874717826434009835653034294623319413", "-0.07931864727297275389784268233887634438436699671431", "-0.06625281302601044744640956877135271857666481231356", "-0.056873945183144630025679838314120463123861429184575", "-0.049816942741988418505402071983190086442231887700422", "-0.044315680070168888232363415163723117969923501283395", "-0.039907325300738022289107391167040398499237902866592", "-0.036295908829359563662118676755893970481893664149413", "-0.033283400791232683328742700685233135292266276099051", "-0.030732321152420691438473219246800749020548415221453", "-0.028544253886330009192136305493166449898204875124182", "-0.026646899301174618141680520182550996366468305422513", "-0.02498595373479751049195798900077532681483398302284"], ["0.043913186586049993242283832845079789842454364929982", "0.046444623540584959221648531787395927421919905007803", "0.049292938119016836424741752780227105762500037292731", "0.052523192930712986724733188029709598182478540156146", "0.056220068046750501021265573663183201537142308883017", "0.060496062582443939897289101279045107193518363172363", "0.06550429408801279001712080071691580783160813617361", "0.071459283055269681630688520138383137044280853813337", 