{"Larch": [["-0.35927730194842202796153642688889368558399564933899", "-0.011502467787028512035592534178694824781336000063266", "-0.01214038992896761952548901182843720276152008724438", "-0.012853173330865438449717426949025651900647560075253", "-0.01365480621375218600368209058575667926900811477508", "-0.014562990023122542059909996567138772869850577907531", "-0.015600457768810360579760656414945793203435381156327", "-0.016796896246843374138749426899798653295208663855761", "-0.018191821038072817085127833896115980020609771539794", "-0.01983900384237776232841747279802747836320238973396", "-0.021813524489898915191386287312379184533636817676911", "-0.024223456797086303609312420282359553683408136124621", "-0.027230164364153512848326369882437779746704146661926", "-0.031085606528443664519796387006282658541729036176784", "-0.036205871098994092015126494850864519600855827466558", "-0.043329468275835192185751045643588843365894652457242", "-0.053899487172701292718708884553161051252819945173427", "-0.071140242810979923826241816221558077381377588216956", "-0.10379966437336349067297105828996903809683976336069", "-0.18121736604073663116548804573227219765639955718982", "0.023438956858782596076193999330139766003730528059909", "0.20860420138691903977104918295803630455337203376205", "0.12754328332144757614369268283750151481328803922222", "0.093345321832085328177994384737916432853593048786287", "0.074997919546438521939462588585673644174764176882133", "0.0635000119395532690333610263143769316255056363702", "0.055555402682200812740751188504526689021584719497237", "0.04969152441559524006685603719582463708117402195165", "0.045154294525755214186702728992672999896773960083553", "0.041517803417905282163799882631432611402300366198869", "0.038523117308343099832054094877646082849519643305516", "0.036003526094603345290436039625414127271549762258129", "0.033846651332996449366524457636703702509815602959835", "0.031973834790279014000575938227399430703505508163233", "0.030328265322475470780185997402801923510877453215716", "0.028867806413340472952780284458322414414242114626686", "0.027560486089064238529513564876350482145145932819352", "0.02638156200929459887559222308250452961759902169249", "0.025311554058137870581545736759538553833480560444345", "0.024334890824059803976496218138058601664886080063068", "0.023438956858782596076193999330139766003730528059909"], ["-0.011502467787028512035592534178694824781336000063266", "-0.41175843694155369047659267988864309073163874730116", "-0.012778312070906727015385489478179580741704174425494", "-0.013528526102783901656779873334191065460303340081246", "-0.014372252355993410659711942721443964098232153012351", "-0.015328120582146049565989362164249759891979222368597", "-0.016420055765166730288594280862195986887855257374939", "-0.017679300990145851155942242353315958047520774487844", "-0.019147442931079146377918590998604716483363167465013", "-0.020881070849296418615020590125444060060935688442797", "-0.022959197456884515542030037660566335617225797411761", "-0.025495555698092082766684408892726026573615349730757", "-0.028659954962073967467665809491868957470828523625441", "-0.032717534756894927226813374741914978021761789186244", "-0.038106132892222213552013722594877573048511198805272", "-0.045602825453607097910762367891081273264791699056812", "-0.056725955131746144764249974578125466350918874847438", "-0.074867603749976887063157396349237030668880187476561", "-0.1092289112313831952986992067671028153506929259076", "-0.19064597149927597111714890748524871837168086591908", "0.025277979208562128082077501093762639202944555855866", "0.21960953484561641736138126881487286102010743545331", "0.13416450956470834224746816936208229288922251728343", "0.098111130451135957278611971961398762746089823733995", "0.078758805952241436460117159140646186303290271531933", "0.066625115261494176577900758001588254809124037888261", "0.058237717500969985731804937411855549573701548279658", "0.052045139500311538224642520710229231768193638182993", "0.047252693129932389231972923924945882292259514163065", "0.043411384532367203385206754660365734123144522136802", "0.040248137484045569206800530362347493457480182732026", "0.037587059223991073867970325418884425673312621002176", "0.035309526143319835218205650921071396938562428863806", "0.033332469245819874189206202990089876187406805295311", "0.031595863295490742986724740784059400731853618466594", "0.030055167419233678393614779124117039096465000352861", "0.02867657048552403140280231056363749091447398804457", "0.027433896170303574178680688561982289462013883407928", "0.026306527621520745787414338676788104606853980998605", "0.025277979208562128082077501093762639202944555855866", "0.024334890824059803976496218138058601664886080063068"], ["-0.01214038992896761952548901182843720276152008724438", "-0.012778312070906727015385489478179580741704174425494", "-0.46721644777891543288888557635961098522220166808706", "-0.014278740134661076298174257190202550178902505736998", "-0.015169222498536752481875169343076155776496142305779", "-0.016178056752559157082857319726273152942070905016298", "-0.0173304916887317311068964787082000884243930281123", "-0.018659498773993675984053592928343233508684094500313", "-0.020208964741107882938340774585342239106972999638266", "-0.022038607817637803129254175932196128535111619016697", "-0.024231808130131739107860606183364679976666000285044", "-0.026908582767779344516828733272120076110494369209119", "-0.030248119251190691512893841493237895143740958545435", "-0.034530191364712036336943182493163650501767026891767", "-0.040216784627331837430066075354602405740745117503587", "-0.048127788021507126441175973922842941920413816336144", "-0.059865072493234674603454580656693029608719924877577", "-0.079006889861914897733008856807307527330691921679966", "-0.11525707367891297456640631409766051751375472287523", "-0.20110877499506239724078204972095866764403243600693", "0.027392217612977064476381000569981651422091707538164", "0.23184047415701237232857951925134930532336067807851", "0.14151165064648909571061085230409538657076885186888", "0.1033915800950427517688023272680453505312228712654", "0.082919584044202716618094552259683721168971837257271", "0.070077438188989868038478420935491204180899177554077", "0.061196718733131515429604538532273680003510120059039", "0.054638077563160268834243641117765584268589550687333", "0.049561577945349278318409785978912246255104271416471", "0.045492484406562534140784245184015560599620399787258", "0.04214193925386529407187860249950917467887962405908", "0.039323796165194446312223974208438356929002855327268", "0.036912454083794053959325355601046429527904648973449", "0.034819913804423958099031741456808245765765223995982", "0.032982556275690663924290685479754368902902299494472", "0.031353151646207630072675393324186633637015581406751", "0.029895831737183759591572539976632110669067463411337", "0.02858281640576672564136829364884405718212011363174", "0.027392217612977064476381000569981651422091707538164", "0.026306527621520745787414338676788104606853980998605", "0.025311554058137870581545736759538553833480560444345"], ["-0.012853173330865438449717426949025651900647560075253", "-0.013528526102783901656779873334191065460303340081246", "-0.014278740134661076298174257190202550178902505736998", "-0.52601757554403372313400314994912298723122532901237", "-0.01605970486241242866557608149594976137408977887456", "-0.017127715061508197475198850994308454323655104655948", "-0.018347742206755282709803885880865934506223202237401", "-0.019754688433826825905523426862878404341129491691142", "-0.021395009662397244266374078064370176892587098418519", "-0.023331919098133924267767495722528391594479804563314", "-0.025653674986627548080672941753816412804917928077622", "-0.028487313096919128044160542782359766851943352143135", "-0.032022494708582870981196017526908489028723008857484", "-0.036555336487717132340820075023459760534053479007243", "-0.042574788672120088442056240642275119882730809482368", "-0.05094854201207763061975945031722964123220642555274", "-0.063371713443894182165399220923346143411013572503775", "-0.083630329128147313549782756779957882841534022818749", "-0.12198896258186310111762178455815771533607820401778", "-0.2127856521738374797996950367541309249856030566488", "0.029843450421661660992531309849992486810385484789644", "0.24551376383988311947451028460921329729570863273493", "0.14971114489812857844791533175116369903127787069024", "0.10927509610652794317215115649095774556672914011552", "0.087548075671767659137916876519202115042680139304617", "0.073911809930974001871962633577568193015435617703671", "0.064478260423035541156899268781076994359267190745823", "0.057509611633902824881427720213930923203901719705013", "0.05211519066854969250307314770567683811246454250261", "0.047791377658148057619205726044562411014178973076652", "0.04423159404603293741891759730283183115509377701449", "0.041238172461617857834023911044104103611428046793849", "0.038677667677533886037170169835227428828139378446223", "0.036456535602393459245605274745041938963920814987082", "0.034507114224411687802434715888462656615218583534196", "0.032779148264359777146764444902761295631263021629993", "0.031234455127239663709443655042293767058399886718862", "0.029843450421661660992531309849992486810385484789644", "0.02858281640576672564136829364884405718212011363174", "0.027433896170303574178680688561982289462013883407928", "0.02638156200929459887559222308250452961759902169249"], ["-0.01365480621375218600368209058575667926900811477508", "-0.014372252355993410659711942721443964098232153012351", "-0.015169222498536752481875169343076155776496142305779", "-0.01605970486241242866557608149594976137408977887456", "-0.58860151473551207465252885531044063782064894498337", "-0.018195725260603966284821620492667147273220430437335", "-0.019491760878926709731917788073324021072289913918822", "-0.020986349624298291652172541985187951996809395963336", "-0.022728835862393448166573577206475280772211428304509", "-0.024786361945278223388205778567844117638557809701065", "-0.027252670007330067983189085130127521376722619611466", "-0.030262685701848656526815465823275481920208148324359", "-0.034017843439354176270648509530778329985552162605349", "-0.038832628890528766082513852082071982662938334577542", "-0.045226297053090854419704256556907655733594912543149", "-0.054120254480229012615594302028255084855671575250756", "-0.06731438082568432829038448254229584191409055530621", "-0.088828069456280766233183270263343122954414349275994", "-0.12955533813325243486419647763402971204764880581373", "-0.22590071532793248320863630043800966922637060850042", "0.032712397626916291596163021809113877321915188768656", "0.26090043846942991642392712967422288898216736282961", "0.1589206365514919677319981880426700023871316289994", "0.11587166457857743642676837954290024593203539900973", "0.092728464698476663528091524419959708863518635213576", "0.078196167778278117611845429533450000367317779445491", "0.068139077026919539785193602884578210528965234819477", "0.060708277568525227209558320288273561663814393556299", "0.054955811315673114218433532255744613091070972559992", "0.050345420958970477070596998346182897909709723154701", "0.046550490157896220729859661872015738560062375317915", "0.043360316066211572148823910767809802314595373670457", "0.040632573839674825847982535954198042763933276921966", "0.038267440446007455380473597374041652768679800982311", "0.036192674860639158351368409134609737214862195614488", "0.034354595139416945076194784464010039405629241001108", "0.032712397626916291596163021809113877321915188768656", "0.031234455127239663709443655042293767058399886718862", "0.029895831737183759591572539976632110669067463411337", "0.02867657048552403140280231056363749091447398804457", "0.027560486089064238529513564876350482145145932819352"], ["-0.014562990023122542059909996567138772869850577907531", "-0.015328120582146049565989362164249759891979222368597", "-0.016178056752559157082857319726273152942070905016298", "-0.017127715061508197475198850994308454323655104655948", "-0.018195725260603966284821620492667147273220430437335", "-0.65550278736175198986670425329682980331936489502738", "-0.020787796497249453179013955653980894871359397400309", "-0.022381661806145454335848002731448354358603878726337", "-0.024239872729656608793824229444411325271875094260234", "-0.026434021116446787664051818086638360229892154516997", "-0.029064058956675288322862578057619596197423057446292", "-0.03227384577538943823381444004504353769470610130553", "-0.03627814603631849198290949367907992751588526720078", "-0.041412241844269366057225381030747587086653072595067", "-0.04822969391892273087913566056404549000696985499935", "-0.057712707402191517248671570181813878613916689732098", "-0.071779713149782543018162924546807541426896930294289", "-0.094714098139253832895546741077566120927847175845883", "-0.13812146220037924013953300510644221703029714238114", "-0.24073678604702737727462306329124842079445276407635", "0.036106272486084308788228664629232612294924230049056", "0.27834394870255703409322392655965351624812909990879", "0.16933924606985055208592876501533689354362292661332", "0.12331985290297640324407893510043176777677183397901", "0.098566579959480907202455374152203227607557533405729", "0.083015762430222221806678782034755857749344689939633", "0.072250258088230182931384803997780370424307409355515", "0.06429482315166746327748468123286177570640688555601", "0.05813631290594603076205332150567555919386625095118", "0.053201302051452745543739440797801649792331812887702", "0.049140338774636228210446913166603053993393687548125", "0.045727856117242939011656431200905069606434443059218", "0.042811399732277744075123430637415272024568599416755", "0.040283982078386434725662712297852681341604809247298", "0.038068136933785472993995651535550319438589182719724", "0.036106272486084308788228664629232612294924230049056", "0.034354595139416945076194784464010039405629241001108", "0.032779148264359777146764444902761295631263021629993", "0.031353151646207630072675393324186633637015581406751", "0.030055167419233678393614779124117039096465000352861", "0.028867806413340472952780284458322414414242114626686"], ["-0.015600457768810360579760656414945793203435381156327", "-0.016420055765166730288594280862195986887855257374939", "-0.0173304916887317311068964787082000884243930281123", "-0.018347742206755282709803885880865934506223202237401", "-0.019491760878926709731917788073324021072289913918822", "-0.020787796497249453179013955653980894871359397400309", "-0.7273805851128663583763312192343440793930605821135", "-0.023975527115041455492682049808915813845848360052365", "-0.025965910845860186601229366339626540472132942690197", "-0.028316095989512565825731105564190848682736406889227", "-0.031133124571531747108824733658529271528938972457787", "-0.034571055631017435244774536923256066259375442086574", "-0.038859870959496665116892083349929766289972912167525", "-0.044358591179557925039827013227428543117409311908604", "-0.05165993109663189059165087367780356439892116219923", "-0.061815475280518413256411305129350876807534166657852", "-0.076878904815035852002077821436090206082450683583687", "-0.10143467101579968559704972157061932329661879206821", "-0.14789926767564005571957625922748066054354195446288", "-0.25765593908931798682043914849411515355776763843605", "0.040170134556322434643031708935176434235373060581153", "0.2982860650492107999113731187072291436560949997294", "0.18122218623029430241498768505716925531955932186418", "0.13179677345593086538661381102716192440313249464839", "0.10519737865152148277920367025254678996749736289495", "0.088479107636931257332241557702584107887276484010156", "0.076902160817504164736904741980368433689090749693307", "0.068346376468282554537317949656044760019633851411072", "0.061723772424273098213920015922023579833194689512611", "0.056418219379657188966467849339183499560318387248051", "0.052054011077631464935007782700794051862758399420977", "0.048388482221822634699283246675100508185546196677599", "0.045257522664182636277205637802468970751335060832796", "0.042545899803409986129539625925698369349492372456469", "0.040170134556322434643031708935176434235373060581153", "0.038068136933785472993995651535550319438589182719724", "0.036192674860639158351368409134609737214862195614488", "0.034507114224411687802434715888462656615218583534196", "0.032982556275690663924290685479754368902902299494472", "0.031595863295490742986724740784059400731853618466594", "0.030328265322475470780185997402801923510877453215716"], ["-0.016796896246843374138749426899798653295208663855761", "-0.017679300990145851155942242353315958047520774487844", "-0.018659498773993675984053592928343233508684094500313", "-0.019754688433826825905523426862878404341129491691142", "-0.020986349624298291652172541985187951996809395963336", "-0.022381661806145454335848002731448354358603878726337", "-0.023975527115041455492682049808915813845848360052365", "-0.80506147051774788624922044470691187919950224501986", "-0.027956294576678917709776682870337267098417525328028", "-0.030486380426748120992255633441828366101180430307657", "-0.033518990390361844314205628275067090756635843259595", "-0.037219937760011430182797658701841129362757212595127", "-0.041836739728387707041734090058132556778797822590557", "-0.047755768523644003297684507130513997996002803884644", "-0.055614845951144809891503562801930385906502991077354", "-0.066545468801203032976877462044405259677744892483538", "-0.082757057892813007169788462727998471886517608420501", "-0.10918058540587550860748648874678967424169583526979", "-0.15916506227205811028565755099280473751605955395474", "-0.27712930675384103109775224005121509853376091163469", "0.04510441622335042619193276730010660716469778524527", "0.32130475020380024672594848788695378347766238257095", "0.19490203378665001960883233404824159326391983399194", "0.14153254224161663544156980232941678304369379806718", "0.11279578487308400855990283025616223725063534659774", "0.094726587345374185822515091453222992428005642013629", "0.082211512813953934222672467864014973033034913364132", "0.072962471647448755038817949629292788712907961984244", "0.065804691449954743628520114290163550960768168063324", "0.060072480583961672805520117482278922896962330307161", "0.055359643172965070170994297157737959067480432441557", "0.051403649277525305123948467361934521603520969874681", "0.048026844655351599948001145306924362135222397668202", "0.04510441622335042619193276730010660716469778524527", "0.042545899803409986129539625925698369349492372456469", "0.040283982078386434725662712297852681341604809247298", "0.038267440446007455380473597374041652768679800982311", "0.036456535602393459245605274745041938963920814987082", "0.034819913804423958099031741456808245765765223995982", "0.033332469245819874189206202990089876187406805295311", "0.031973834790279014000575938227399430703505508163233"], ["-0.018191821038072817085127833896115980020609771539794", "-0.019147442931079146377918590998604716483363167465013", "-0.020208964741107882938340774585342239106972999638266", "-0.021395009662397244266374078064370176892587098418519", "-0.022728835862393448166573577206475280772211428304509", "-0.024239872729656608793824229444411325271875094260234", "-0.025965910845860186601229366339626540472132942690197", "-0.027956294576678917709776682870337267098417525328028", "-0.88960223171509348280387598911534672956030024271028", "-0.033016466276817324274734584013319465103943335287287", "-0.036300338297203307616420100977432002585745002225378", "-0.040307818821122267673804650645675750117537108350826", "-0.04530685101631490437472344185508137919889289690619", "-0.051715663313037020415266071982549344175519859595967", "-0.060224604513555791921791376123862572374517235368908", "-0.072058207976135049443606144783557830046220230648611", "-0.08960715330732976835228993521020612248503011880706", "-0.11820550660911957426278757828861771947983786970777", "-0.17228593904159602954324563780505148455782375681741", "-0.29978139876994667776938638161311308320970121948075", "0.051192808790019538183741888147643596686624061126378", "0.34817098441768325937485042409905309506043776010164", "0.21082048581260208656016154954242579757551535965766", "0.15283179802950300565165956800940038638650121962686", "0.1215927898386941914517577998265684562724511510931", "0.10194322745843613308912048994284418416485406362196", "0.088331946557877981552252976238145653040337826624807", "0.078273985659244948341375561866115423229293513948048", "0.070492740751286426695434954148188591863727452732892", "0.064264327020182653306248536546689217658647085337407", "0.059146731252494342347392978068105014802293975976538", "0.054854081619012445247153908676381121112300904448712", "0.051192808790019538183741888147643596686624061126378", "0.048026844655351599948001145306924362135222397668202", "0.045257522664182636277205637802468970751335060832796", "0.042811399732277744075123430637415272024568599416755", "0.040632573839674825847982535954198042763933276921966", "0.038677667677533886037170169835227428828139378446223", "0.036912454083794053959325355601046429527904648973449", "0.035309526143319835218205650921071396938562428863806", "0.033846651332996449366524457636703702509815602959835"], ["-0.01983900384237776232841747279802747836320238973396", "-0.020881070849296418615020590125444060060935688442797", "-0.022038607817637803129254175932196128535111619016697", "-0.023331919098133924267767495722528391594479804563314", "-0.024786361945278223388205778567844117638557809701065", "-0.026434021116446787664051818086638360229892154516997", "-0.028316095989512565825731105564190848682736406889227", "-0.030486380426748120992255633441828366101180430307657", "-0.033016466276817324274734584013319465103943335287287", "-0.98238549706842559700542716505393545613608537792077", "-0.03958421031758929095810561794154454006754666916347", "-0.043953495093274739373339683961853892624333994882596", "-0.049403645929480764408053061135668683897209417445824", "-0.056390462572091944450398943974856813943413990673137", "-0.065666232160903485451202734545971193828632015385233", "-0.078565164926021336971751404911930890869933046542165", "-0.097691537168831546077654985381189930682328230738456", "-0.12885413665065735551129420257303000127682468651033", "-0.18776032490434921901752464378191059783047713698743", "-0.3264578920192596131188515613730924450202770079001", "0.058848197432459252952694294707731147758493824436712", "0.37993660530889164134564917477508414174080285138405", "0.22957717443486511816284586750825235624316602849958", "0.16610667405138302921783057886816609006439011640645", "0.13190007357972829250019062541589431769754411685179", "0.11037820831688947417436143206510441224415390105379", "0.095470088489330646600899303311761248225295542031401", "0.084456788544581741264492792192750694803362227794456", "0.075940593752765571483338614051425858019920652102375", "0.069128366685032652185297692574689651796776606368642", "0.063535454944366326472256195310077609083543371751006", "0.058848197432459252952694294707731147758493824436712", "0.054854081619012445247153908676381121112300904448712", "0.051403649277525305123948467361934521603520969874681", "0.048388482221822634699283246675100508185546196677599", "0.045727856117242939011656431200905069606434443059218", "0.043360316066211572148823910767809802314595373670457", "0.041238172461617857834023911044104103611428046793849", "0.039323796165194446312223974208438356929002855327268", "0.037587059223991073867970325418884425673312621002176", "0.036003526094603345290436039625414127271549762258129"], ["-0.021813524489898915191386287312379184533636817676911", "-0.022959197456884515542030037660566335617225797411761", "-0.024231808130131739107860606183364679976666000285044", "-0.025653674986627548080672941753816412804917928077622", "-0.027252670007330067983189085130127521376722619611466", "-0.029064058956675288322862578057619596197423057446292", "-0.031133124571531747108824733658529271528938972457787", "-0.033518990390361844314205628275067090756635843259595", "-0.036300338297203307616420100977432002585745002225378", "-0.03958421031758929095810561794154454006754666916347", "-1.0852709134662011708082260651255402171762877801434", "-0.048322779868960187788573749982163245181121320601722", "-0.054313363735426501133026782732730755812040791587001", "-0.061992546656926162281163385985960905235369764509693", "-0.072186737621732034074477013697077857268903351940674", "-0.086361355847707746174480562306008161030410322017904", "-0.10737609164403858859757987995446416245145849100095", "-0.14160698326966707901889257180609935287815011755988", "-0.20628233922769421002495202201195635505084344546542", "-0.35833274554166742669226777730993110112613593442639", "0.06869143820746410734377428597265871654109787379673", "0.41807486127493536246417233774932311281428917143383", "0.25200728983090298558959182462906876426905875330483", "0.18192904977207320769290259400737460007453909991182", "0.14414895100096526274721178565571137896647917299574", "0.12037570289252139184985923539888100906493393906827", "0.10391098216476314269833711089009285999359818023108", "0.091753317889415331395233875141826885089886280556687", "0.082358638423340841618974404717701991247002169950477", "0.074850081264118017613897866812386188210688357712438", "0.06869143820746410734377428597265871654109787379673", "0.063535454944366326472256195310077609083543371751006", "0.059146731252494342347392978068105014802293975976538", "0.055359643172965070170994297157737959067480432441557", "0.052054011077631464935007782700794051862758399420977", "0.049140338774636228210446913166603053993393687548125", "0.046550490157896220729859661872015738560062375317915", "0.04423159404603293741891759730283183115509377701449", "0.04214193925386529407187860249950917467887962405908", "0.040248137484045569206800530362347493457480182732026", "0.038523117308343099832054094877646082849519643305516"], ["-0.024223456797086303609312420282359553683408136124621", "-0.025495555698092082766684408892726026573615349730757", "-0.026908582767779344516828733272120076110494369209119", "-0.028487313096919128044160542782359766851943352143135", "-0.030262685701848656526815465823275481920208148324359", "-0.03227384577538943823381444004504353769470610130553", "-0.034571055631017435244774536923256066259375442086574", "-0.037219937760011430182797658701841129362757212595127", "-0.040307818821122267673804650645675750117537108350826", "-0.043953495093274739373339683961853892624333994882596", "-0.048322779868960187788573749982163245181121320601722", "-1.20084540387345398730280539374345211583773733186", "-0.06030394760189281447747981548329826644296026257228", "-0.068827430050909149527458203987859735262493986463679", "-0.080141390205989316169778101602049394631497362386991", "-0.095870999842394635770957265386969389992732572371949", "-0.1191867539990542687593811059489243459055259250808", "-0.15715435050311822755727904211008870416098825038623", "-0.22884799056465621320157748944478394217508946330309", "-0.39708399125075583155522953072590208311926276115447", "0.081693017993733473469590734412083378954677784285446", "0.46471462538932491748944694652247174861383022063738", "0.27931002343998145589669778595736258330998421456906", "0.20111670224215932398302562267316942051251080162129", "0.15895446876019029740381067301247096543937151865708", "0.13242559451834150468117587721181274151108074333042", "0.11405989963367803139746450161490993367191281361993", "0.10050807399931380134422185171207626823182425562909", "0.090045780675829137466477237347105828683950610571195", "0.081693017993733473469590734412083378954677784285446", "0.074850081264118017613897866812386188210688357712438", "0.069128366685032652185297692574689651796776606368642", "0.064264327020182653306248536546689217658647085337407", "0.060072480583961672805520117482278922896962330307161", "0.056418219379657188966467849339183499560318387248051", "0.053201302051452745543739440797801649792331812887702", "0.050345420958970477070596998346182897909709723154701", "0.047791377658148057619205726044562411014178973076652", "0.045492484406562534140784245184015560599620399787258", "0.043411384532367203385206754660365734123144522136802", "0.041517803417905282163799882631432611402300366198869"], ["-0.027230164364153512848326369882437779746704146661926", "-0.028659954962073967467665809491868957470828523625441", "-0.030248119251190691512893841493237895143740958545435", "-0.032022494708582870981196017526908489028723008857484", "-0.034017843439354176270648509530778329985552162605349", "-0.03627814603631849198290949367907992751588526720078", "-0.038859870959496665116892083349929766289972912167525", "-0.041836739728387707041734090058132556778797822590557", "-0.04530685101631490437472344185508137919889289690619", "-0.049403645929480764408053061135668683897209417445824", "-0.054313363735426501133026782732730755812040791587001", "-0.06030394760189281447747981548329826644296026257228", "-1.3328609688463260022213609185095824594232279995336", "-0.077350912499925484577436592492421204082027710355078", "-0.090060111508037567015927244661424958725765912294346", "-0.10772668392256190953544974868819309784265667563851", "-0.13390745559834463232985642856533086577116734070793", "-0.17652443108336331017323888743544679170459384794903", "-0.25693866439178344632226043510503155479711099675823", "-0.44519542605773626256633663290341691407302026095193", "0.099442638693186759462974553149006084629382540142662", "0.52305002238834910993021658674533508362014027432734", "0.3132714205441688829341155461014286682852786622832", "0.22488221586434588202488975341466648296300817109343", "0.17722600345703055672725154705378506809623250042619", "0.14725094391220568307799554588066743443062235916909", "0.12651446015050452038853195283621051939440374763366", "0.11122887543939424239900196285843457054347655684251", "0.099442638693186759462974553149006084629382540142662", "0.090045780675829137466477237347105828683950610571195", "0.082358638423340841618974404717701991247002169950477", "0.075940593752765571483338614051425858019920652102375", "0.070492740751286426695434954148188591863727452732892", "0.065804691449954743628520114290163550960768168063324", "0.061723772424273098213920015922023579833194689512611", "0.05813631290594603076205332150567555919386625095118", "0.054955811315673114218433532255744613091070972559992", "0.05211519066854969250307314770567683811246454250261", "0.049561577945349278318409785978912246255104271416471", "0.047252693129932389231972923924945882292259514163065", "0.045154294525755214186702728992672999896773960083553"], ["-0.031085606528443664519796387006282658541729036176784", "-0.032717534756894927226813374741914978021761789186244", "-0.034530191364712036336943182493163650501767026891767", "-0.036555336487717132340820075023459760534053479007243", "-0.038832628890528766082513852082071982662938334577542", "-0.041412241844269366057225381030747587086653072595067", "-0.044358591179557925039827013227428543117409311908604", "-0.047755768523644003297684507130513997996002803884644", "-0.051715663313037020415266071982549344175519859595967", "-0.056390462572091944450398943974856813943413990673137", "-0.061992546656926162281163385985960905235369764509693", "-0.068827430050909149527458203987859735262493986463679", "-0.077350912499925484577436592492421204082027710355078", "-1.4870540821785861588620867973303917217494244525143", "-0.10276931051614964945441789683042871336950411423361", "-0.12291456963388012201445632678607904472297115828022", "-0.15275963663115101491399637392296741966754721749221", "-0.20131781072922276657218946117120318861023538234751", "-0.29285621477015503867122520362755362494012765403886", "-0.50650284498403805889781997297191619907151901938474", "0.12469886029220279432589043109778141158815543307091", "0.59810013924938343424367323415005461958291127241265", "0.35667390199351270154651022816741198743720159257634", "0.25510552870077301868512238800537525166751175923828", "0.20036935945311746957313228701253109283971070140631", "0.16596776527988328038261489074509148764000986496277", "0.14219641189284529000129876401533603658489847517126", "0.12469886029220279432589043109778141158815543307091", "0.11122887543939424239900196285843457054347655684251", "0.10050807399931380134422185171207626823182425562909", "0.091753317889415331395233875141826885089886280556687", "0.084456788544581741264492792192750694803362227794456", "0.078273985659244948341375561866115423229293513948048", "0.072962471647448755038817949629292788712907961984244", "0.068346376468282554537317949656044760019633851411072", "0.06429482315166746327748468123286177570640688555601", "0.060708277568525227209558320288273561663814393556299", "0.057509611633902824881427720213930923203901719705013", "0.054638077563160268834243641117765584268589550687333", "0.052045139500311538224642520710229231768193638182993", "0.04969152441559524006685603719582463708117402195165"], ["-0.036205871098994092015126494850864519600855827466558", "-0.038106132892222213552013722594877573048511198805272", "-0.040216784627331837430066075354602405740745117503587", "-0.042574788672120088442056240642275119882730809482368", "-0.045226297053090854419704256556907655733594912543149", "-0.04822969391892273087913566056404549000696985499935", "-0.05165993109663189059165087367780356439892116219923", "-0.055614845951144809891503562801930385906502991077354", "-0.060224604513555791921791376123862572374517235368908", "-0.065666232160903485451202734545971193828632015385233", "-0.072186737621732034074477013697077857268903351940674", "-0.080141390205989316169778101602049394631497362386991", "-0.090060111508037567015927244661424958725765912294346", "-0.10276931051614964945441789683042871336950411423361", "-1.6728137782439861216182989710396056919814055625218", "-0.14305982875161059457449475674172937607643820232683", "-0.17775479968865169764378561246923677281656876912151", "-0.23416731080024713894477998261812801369047913838548", "-0.34037794083365638597542703032683485283278353899017", "-0.58724955187761574078650038820021369621192200041496", "0.16261022209359486828927515241914976574776535762166", "0.69822434635874530334340053857583795286182775621926", "0.41410430355722049542162624379214207503803980592758", "0.29486939972487553736729353076490902556051352295738", "0.2306832264500441814758873053968270734606321829703", "0.19039840853406809218598150779741150591360204488971", "0.16261022209359486828927515241914976574776535762166", "0.14219641189284529000129876401533603658489847517126", "0.12651446015050452038853195283621051939440374763366", "0.11405989963367803139746450161490993367191281361993", "0.10391098216476314269833711089009285999359818023108", "0.095470088489330646600899303311761248225295542031401", "0.088331946557877981552252976238145653040337826624807", "0.082211512813953934222672467864014973033034913364132", "0.076902160817504164736904741980368433689090749693307", "0.072250258088230182931384803997780370424307409355515", "0.068139077026919539785193602884578210528965234819477", "0.064478260423035541156899268781076994359267190745823", "0.061196718733131515429604538532273680003510120059039", "0.058237717500969985731804937411855549573701548279658", "0.055555402682200812740751188504526689021584719497237"], ["-0.043329468275835192185751045643588843365894652457242", "-0.045602825453607097910762367891081273264791699056812", "-0.048127788021507126441175973922842941920413816336144", "-0.05094854201207763061975945031722964123220642555274", "-0.054120254480229012615594302028255084855671575250756", "-0.057712707402191517248671570181813878613916689732098", "-0.061815475280518413256411305129350876807534166657852", "-0.066545468801203032976877462044405259677744892483538", "-0.072058207976135049443606144783557830046220230648611", "-0.078565164926021336971751404911930890869933046542165", "-0.086361355847707746174480562306008161030410322017904", "-0.095870999842394635770957265386969389992732572371949", "-0.10772668392256190953544974868819309784265667563851", "-0.12291456963388012201445632678607904472297115828022", "-0.14305982875161059457449475674172937607643820232683", "-1.9069610402206360354277880928582147355480099111792", "-0.2124497706256928007130764681967441695566993359162", "-0.27972105182456541112992259555632733249749960641481", "-0.40615064486100498310907112152187001175156531787795", "-0.698296982659117027339501796064834776245792949937", "0.22374423226263596086202913425132559411260606961136", "0.83843837554380461966304975446209917435153874931027", "0.49369917960133922256392924386840942519725094996393", "0.34961055328443630386001706670323882576513248861791", "0.27221023258356137881481864563444445674252889244776", "0.22374423226263596086202913425132559411260606961136", "0.19039840853406809218598150779741150591360204488971", "0.16596776527988328038261489074509148764000986496277", "0.14725094391220568307799554588066743443062235916909", "0.13242559451834150468117587721181274151108074333042", "0.12037570289252139184985923539888100906493393906827", "0.11037820831688947417436143206510441224415390105379", "0.10194322745843613308912048994284418416485406362196", "0.094726587345374185822515091453222992428005642013629", "0.088479107636931257332241557702584107887276484010156", "0.083015762430222221806678782034755857749344689939633", "0.078196167778278117611845429533450000367317779445491", "0.073911809930974001871962633577568193015435617703671", "0.070077438188989868038478420935491204180899177554077", "0.066625115261494176577900758001588254809124037888261", "0.0635000119395532690333610263143769316255056363702"], ["-0.053899487172701292718708884553161051252819945173427", "-0.056725955131746144764249974578125466350918874847438", "-0.059865072493234674603454580656693029608719924877577", "-0.063371713443894182165399220923346143411013572503775", "-0.06731438082568432829038448254229584191409055530621", "-0.071779713149782543018162924546807541426896930294289", "-0.076878904815035852002077821436090206082450683583687", "-0.082757057892813007169788462727998471886517608420501", "-0.08960715330732976835228993521020612248503011880706", "-0.097691537168831546077654985381189930682328230738456", "-0.10737609164403858859757987995446416245145849100095", "-0.1191867539990542687593811059489243459055259250808", "-0.13390745559834463232985642856533086577116734070793", "-0.15275963663115101491399637392296741966754721749221", "-0.17775479968865169764378561246923677281656876912151", "-0.2124497706256928007130764681967441695566993359162", "-2.2235999218127288759148830282323925764881085540341", "-0.34699233302343802154676872291591049543829987691341", "-0.50300108197866107430706844818443293284899830885882", "-0.86024605333692510288164357202086497847549082127726", "0.33279273298471815125580553486334303502993242099325", "1.0486160047777041037382749989938678431331863663556", "0.61139067130584455977676352921260169098957599761061", "0.42990488527159760451331614311752211081110846355135", "0.33279273298471815125580553486334303502993242099325", "0.27221023258356137881481864563444445674252889244776", "0.2306832264500441814758873053968270734606321829703", "0.20036935945311746957313228701253109283971070140631", "0.17722600345703055672725154705378506809623250042619", "0.15895446876019029740381067301247096543937151865708", "0.14414895100096526274721178565571137896647917299574", "0.13190007357972829250019062541589431769754411685179", "0.1215927898386941914517577998265684562724511510931", "0.11279578487308400855990283025616223725063534659774", "0.10519737865152148277920367025254678996749736289495", "0.098566579959480907202455374152203227607557533405729", "0.092728464698476663528091524419959708863518635213576", "0.087548075671767659137916876519202115042680139304617", "0.082919584044202716618094552259683721168971837257271", "0.078758805952241436460117159140646186303290271531933", "0.074997919546438521939462588585673644174764176882133"], ["-0.071140242810979923826241816221558077381377588216956", "-0.074867603749976887063157396349237030668880187476561", "-0.079006889861914897733008856807307527