{"Larch": [["1.3072825963728014633252330034060495328898379098804", "-0.011123673588643234704467151169064084875736324962375", "-0.011679009199655222734836110701385379554284299704461", "-0.012292672789821158304012161572930768857119226587716", "-0.012974356727381369778617619404064841280280871044492", "-0.013736025048842110155653747831842430583517152350704", "-0.01459261981680425970906120587321010557602203531692", "-0.015563048245879084136872959947950916975555658386279", "-0.016671589878916181187598576684925656509456233036095", "-0.017949947971217599098364280283865635337185604132948", "-0.019440317000220645976302418204941949489468888256542", "-0.021200105165839979759751218894737694408629879700836", "-0.02330945394640983998535431817792944549859527963357", "-0.025883693123436893563014059892164222841500239915519", "-0.029094959522693719692729706814242286234968699746638", "-0.033211902001912298829231460056643373464263275689271", "-0.03867785054010316848250104994851919967193786927891", "-0.046278789937924270490018431945912794267083723992244", "-0.057547695306004039016535253593197138200843220920813", "-0.07589739185359135053693517790140813579171596210827", "-0.11050554656934473904029609855668541227115357412186", "-0.19101379507970084507023498220117619378926572115707", "0.021991727045882553911797081423495834231479213848923", "0.21647502985619783124321766125471812068520285015874", "0.13240612172523863137187473140698020631700653715791", "0.09638745740948272129283359851042285144910754757639", "0.077057480981804041323719467204283276684625514843356", "0.064976867369020184090717960211642007730574396934102", "0.056660057095017252422824585064647282176288975636256", "0.050545328277500581191639430464947148556863260161782", "0.045832180777884814927242915934440290449154906860185", "0.042068516149145548014137237459095213004018984782399", "0.038979669917992201623228856274030314130257148904858", "0.036389004449790065135646514862907010444848911698843", "0.034177622353559965643591051902448123561169832115236", "0.032262443478851164685838574433960212120564452758547", "0.030583575251393383933885005447589498840575979823371", "0.029096684533513134083167089250526300676053378866394", "0.027768202866306787641406284680870456306347832138267", "0.026572208083667767253777956969052022028273619771952", "0.025488335423208946280838551506251901782655222338264", "0.024500341668007215781246538228112414945279099734531", "0.023595095438527209942589138191347320602229857351465", "0.022761852642034316437756714739601878861879575216628", "0.021991727045882553911797081423495834231479213848923"], ["-0.011123673588643234704467151169064084875736324962375", "1.2597213171276541854169813165228333931406526233743", "-0.012234344810667210765205070233706674232832274446546", "-0.012877172390410120103784666774864110847810677400386", "-0.013591251106960748136667775482398426748462386405198", "-0.014389112913891829018450396997537017010462359197786", "-0.015286409062436464709980016814039309716079177387829", "-0.016302944022085059042273928077765388992192213956929", "-0.017464149348955173542331637472905881028559077046627", "-0.018803232269039394647601421423215829144866764029269", "-0.020364388490395913895395225653372823335439173067005", "-0.022207748323559654265279625667305055361919235174682", "-0.024417252160752258647253151542371751009764275512769", "-0.027113694751336365134559635619089234338647232828281", "-0.030477366133005295461057595710025224801063497806966", "-0.034789632602860089123857482120041894077729486455478", "-0.040514795670200497401036643200482873991684638900012", "-0.048475984709754335226615386994465838604042936431611", "-0.060278520112907615740774553735793200161143626565427", "-0.07949593175719957919429451271987169417593705306082", "-0.11573617146306587084744499052445495581828079776183", "-0.2000083011542537255885233737527817992349421909668", "0.023568650885621877179238235356474877998489477601842", "0.22682042546732697060447606181943549366524553993697", "0.13864654760845088641867220456246039289060405290227", "0.10086708786773796945938779641373480712930937559884", "0.080584727164621932364846931939217171147039988435585", "0.067903811252007238659763541418592242061586347776274", "0.059170565638856529723835390110340295770808431213983", "0.052747792629862860330786094094733264036598959630502", "0.047796175756040954569715676869043889598289087267859", "0.043841589140405174104757383746700522933344161773891", "0.040595906805303022149928727481872068936902099674768", "0.037873775638491105755650066926406107173617200344506", "0.035550388897263092926865542904615160180470018693346", "0.033538505745542176432612272245813867914573299162103", "0.031775210932537287323552209922351029803899188531536", "0.030213916703573033216156929262181589163603092861637", "0.02881933466238651797507853970384166012207983638423", "0.027564204969781214673731775604265603788905460422855", "0.026427104885051309895846390036388209132870390217768", "0.025390942049423477043389380463041827440804485351953", "0.024441894683092342738858803785503696345594886188388", "0.023568650885621877179238235356474877998489477601842", "0.022761852642034316437756714739601878861879575216628"], ["-0.011679009199655222734836110701385379554284299704461", "-0.012234344810667210765205070233706674232832274446546", "1.2097301558672151075418529668376373369339880388935", "-0.013519999970153029442364263316021547462789080354226", "-0.014269704255107516822399128106744303006277442384524", "-0.015107368948300035102865505918813797936339054114865", "-0.01604942512537877819617375345912246858689090312315", "-0.017116663864368628697687699646577131944064201859006", "-0.018335783438669834005186065346105748827846877479974", "-0.019741644763092563773658043021717136989443119683944", "-0.021380643950362001786668995080831091973265035394562", "-0.023315904269436592431954576271038208820706675255586", "-0.025635542895760763435457959673238258687457475619391", "-0.028466362927760833713591868835942194348266774499348", "-0.031997617909866802519045306166385104015082766420334", "-0.036524654740721079766830744572836910988875425840781", "-0.042534827874452875017881755555252602545888379218117", "-0.050892094036360143524042741445183116228790313897282", "-0.063281281069297641051747646454673608031663086072857", "-0.083452495695230894984240950513175518878472628273425", "-0.12148627294375468529645831942949652701747238239046", "-0.20989114096181091057922433709589101634031639709945", "0.025358800670436331576460400635983955610055565204261", "0.23820398595675526495541325858387083499372543586", "0.14550476999113807265430298978046798685076024959994", "0.10578454146245123816480487757231921936244596907907", "0.084452188496925646661932432029755664704534666055674", "0.071109337494514216636762285884684198713363092665187", "0.061916908348453596665721561662034410001717689124003", "0.055154538460993603704711692773564372861392709040763", "0.049940122919137674760248560694142124020829135900517", "0.045775242035269739100273330435680081456315763022872", "0.042356915192502029913766520739058027042559912145479", "0.039490166620722019191806684254151680767373635015185", "0.037043661825635914917242749565187717505885715353967", "0.034925561823003066953758252320950854040252255938123", "0.03306960963086683138498624757399978580497952567795", "0.031426724175408468758481557819206968117786960499014", "0.029959714647749121551197528868773558298605172796196", "0.028639841450333874820730068735021611303006480284191", "0.027444511455991270965874060043495969221441512972092", "0.02635569299455400750002000740398409671448747919294", "0.025358800670436331576460400635983955610055565204261", "0.024441894683092342738858803785503696345594886188388", "0.023595095438527209942589138191347320602229857351465"], ["-0.012292672789821158304012161572930768857119226587716", "-0.012877172390410120103784666774864110847810677400386", "-0.013519999970153029442364263316021547462789080354226", "1.1570417282514651616603496342720184813882500298975", "-0.015019408540062004202433992897467058549765804414822", "-0.015901053437373537933116127220209923173114040995185", "-0.016892566843787361114110250173489442294924844046125", "-0.018015829837922528511518558729216028064382982235201", "-0.019298940132373194917750425752122589100858436905123", "-0.020778585561915819495540339639333068577218792905563", "-0.022503593090391854978712528190089598331904457543182", "-0.024540392306847037805653365390415291490446374618257", "-0.026981714331939400545801703712929004379087297315521", "-0.02996099922352161414071462938793425903681454391386", "-0.033677401358931690980561764607327245519836737880889", "-0.03844170930493508396053628467757152461604928796466", "-0.044766737713245170831383101112116529859972940669185", "-0.053561529326803508815591204168694656854933259150357", "-0.066598699809240615159039871997250412069588019787433", "-0.087823276678048261580608243462997642091952850018375", "-0.12783723017749595917022855802440681993245375309847", "-0.22080064879468079286460545230588376461129013691863", "0.027405053335730508472188014528194771561257914970498", "0.25079018525310067967530213467886545411655116167071", "0.15307737808453288703985857326125320277045307483585", "0.11120747516393325032876711124906198149086574405331", "0.088711848865059502144727940523050326103113959377844", "0.07463555988887535189005922543471360480403609987433", "0.064934384681197861710044994661156648300297959903132", "0.057795866862191551133445383392394600566168931709801", "0.052290497840963256397382368990814852594296477243285", "0.047892929249749123691081815926812282489140936000625", "0.044283705370524618167426202947853874439296084300641", "0.041257172173751187479612382506490788375045725527499", "0.038674747690016203444972008045226726053262321667135", "0.036439485629039194966137080934606241587222297697259", "0.034481415982412887773693838813091341358548271315288", "0.032748686650277924587918199617301924458392138171168", "0.031201992208260611579585008645481989891787865743351", "0.029810948156458511050260466847550587935389690301924", "0.028551660413454630436366987701861307510204501980912", "0.027405053335730508472188014528194771561257914970498", "0.02635569299455400750002000740398409671448747919294", "0.025390942049423477043389380463041827440804485351953", "0.024500341668007215781246538228112414945279099734531"], ["-0.012974356727381369778617619404064841280280871044492", "-0.013591251106960748136667775482398426748462386405198", "-0.014269704255107516822399128106744303006277442384524", "-0.015019408540062004202433992897467058549765804414822", "1.1013410554400500401148996802064428876566487672591", "-0.016782698334685071663798261542952787796462277575549", "-0.017829145995650039569948378811500634167504363861777", "-0.01901463693720936994788008067313235123592204150866", "-0.020368823030450992596579533965786471738631595027699", "-0.021930420966286582554161608987706270582709390603712", "-0.023750957182113496774758950738860021628927566397908", "-0.025900532844959185463256132889407896196257884647319", "-0.028477002555924075088722667564861747607752483928108", "-0.031621175966128237467190255664652836868708848302643", "-0.035543200640818659658374541778313264216843831227496", "-0.040571009374469000302181947566671930622075059196464", "-0.047245681811010434717128860130003985802490202023715", "-0.056526307848860547631987912728019856724561524899245", "-0.070282934899896230227368863361520651606718178028334", "-0.092676867887247345405819860167366347661431986391945", "-0.1348883440298355813557157183448405550188717498912", "-0.23290542763318778043296847932990827673255627412473", "0.029761967884385648065222570496287095456314788269682", "0.26478016387379345251097245718288295478319942304363", "0.16148221741576263160197320156918921583646401879838", "0.11721827914983778625882430668461098339756248445656", "0.093426906019837752433235301133073843587335766822965", "0.078533601994481323894080669710025807558549226147771", "0.068265792732083689456398285809432636085717283416381", "0.060708477878281693346880558443989066930806321154786", "0.054879340394079612574298382909594926099837334230135", "0.050223015834556943242693512549933739564656000460457", "0.046401673724474140394921209942329622046048294611908", "0.043197743922503366503131223037661748613832330008268", "0.0404645528976854770332188747433165188733632592032", "0.038099449957074717519961954284027960946479978410552", "0.036028316748740228147947833554046291355683086181854", "0.034196204686348831520959175148052499701063590976804", "0.032561445171446570867291449867333432493010032512709", "0.03109181549064481148605173712597966354925127586526", "0.029761967884385648065222570496287095456314788269682", "0.028551660413454630436366987701861307510204501980912", "0.027444511455991270965874060043495969221441512972092", "0.026427104885051309895846390036388209132870390217768", "0.025488335423208946280838551506251901782655222338264"], ["-0.013736025048842110155653747831842430583517152350704", "-0.014389112913891829018450396997537017010462359197786", "-0.015107368948300035102865505918813797936339054114865", "-0.015901053437373537933116127220209923173114040995185", "-0.016782698334685071663798261542952787796462277575549", "1.0422533768014770266107731701429377342443377124874", "-0.018875593656615007476098496080048480538546450148005", "-0.020130606238471519089920990238222132955651923475216", "-0.021564197929039632907506624773397699719354700845082", "-0.023217351624186960276752445848894641279271168860752", "-0.02514460895159918179695108857804146839542062416238", "-0.027420171930004871096499111447150414262890485825947", "-0.030147617444672504149426154139420170437936799121331", "-0.033475985670058633192614254929865343002739669643529", "-0.037627700897055724991105239582242206041330670522157", "-0.042949840478447393166020316169043844904636337358555", "-0.050015043945221831358340732728826821984856376973549", "-0.059838275308375170629337050326775445801903128842886", "-0.074398337712604780886105063501410487284430170370855", "-0.098097879998144650673107117211967316223215537021687", "-0.14276205374284561533517688213163307283369904804557", "-0.24641309821434419973104161794159299479106214890906", "0.032499889426683925696341442969183559177066380378225", "0.28042254510759781496512638600098494048206951752248", "0.17086458140262830019490854173298616339609171860754", "0.12391832802406392915495543509598917195726372255816", "0.098674982417672172628332137450979873653230911794322", "0.08286616110035252369216607567607028916559520358974", "0.071963553213247548635537266129101567558855525198638", "0.063937276887155308555658842610111644211109179435217", "0.057745821943230199943822248687696834655689318702362", "0.052800158687220097662173965399660144463160549615688", "0.048741835652591148248947857034377118706882019507739", "0.045339902574545810723378704629826553485628565993405", "0.042438596043629289057253948408360288068874484609364", "0.039928854900133377159420628144927319237911386943422", "0.037731897880463624916068675331368842296074872109513", "0.035789295405756140995482845044646414935361274369065", "0.034056722247389953974294168394917863410872829788111", "0.032499889426683925696341442969183559177066380378225", "0.03109181549064481148605173712597966354925127586526", "0.029810948156458511050260466847550587935389690301924", "0.028639841450333874820730068735021611303006480284191", "0.027564204969781214673731775604265603788905460422855", "0.026572208083667767253777956969052022028273619771952"], ["-0.01459261981680425970906120587321010557602203531692", "-0.015286409062436464709980016814039309716079177387829", "-0.01604942512537877819617375345912246858689090312315", "-0.016892566843787361114110250173489442294924844046125", "-0.017829145995650039569948378811500634167504363861777", "-0.018875593656615007476098496080048480538546450148005", "0.97932775320785987239958800666274482231690494062356", "-0.021385618820328030703743484396395785372757396802428", "-0.02290850006525194562321068912007230930975882619362", "-0.024664604280044277876970429105176694859512741765002", "-0.026711862775345225377164236702539715359639167665974", "-0.029129087584682843820579234520570801007759292961535", "-0.032026288076015420261647430482648785421168523950219", "-0.035561755957693436866402220479839180497624415285747", "-0.039971714302110814680481082520016421729178698068926", "-0.045624756791984324909344962845598885389757435937505", "-0.053128988974082513746564956393704656129487369656103", "-0.063562155458535185461449646167386988098571917815148", "-0.07902523305060392867027227745319065451325381372276", "-0.10419190202441616168826162652980722666049777447351", "-0.1516110866061478016108253382781748294262099478954", "-0.26158226518485947921470449273236262907456319549313", "0.035710857119390109019618939159760561659292182286114", "0.29802831797608092216755137906457514171857633915015", "0.18140570223925292839885337716704364361468272798285", "0.1314337975862049258197477472631490484044116263848", "0.10455251122138653163355366912753129136281977989144", "0.087711006564970025176369150521599754389601949005823", "0.07609260534369584664061161895679020610873743316894", "0.067537836476014887513561335596640345287181163330139", "0.060938380926557083586318946386352889455449142404461", "0.055667188780973501867704863858848489463228829606235", "0.051342506010637538853757332154162718677860037571422", "0.047718254286811026212248230582044147338375788813457", "0.044628388532923728219159392854374886947710946564984", "0.041956594505538493870990253118202346816409933050023", "0.03961881426503291266247424771174941972389558285143", "0.037552678923897145784888694758346250273229265482519", "0.035710857119390109019618939159760561659292182286114", "0.034056722247389953974294168394917863410872829788111", "0.032561445171446570867291449867333432493010032512709", "0.031201992208260611579585008645481989891787865743351", "0.029959714647749121551197528868773558298605172796196", "0.02881933466238651797507853970384166012207983638423", "0.027768202866306787641406284680870456306347832138267"], ["-0.015563048245879084136872959947950916975555658386279", "-0.016302944022085059042273928077765388992192213956929", "-0.017116663864368628697687699646577131944064201859006", "-0.018015829837922528511518558729216028064382982235201", "-0.01901463693720936994788008067313235123592204150866", "-0.020130606238471519089920990238222132955651923475216", "-0.021385618820328030703743484396395785372757396802428", "0.91201457757094660231597441006063265636137822829114", "-0.024431381310175860542677893843748833246760255584813", "-0.026304097009902401463583901459567149602890414246289", "-0.028487277427017623601637820804587692021933091287157", "-0.031064954775771547099788172051614554916509767001312", "-0.034154421927152898173228219699899385430850749379777", "-0.037924445480587671226845343160413079685102251699634", "-0.042626870799508355248586453680533655494381741106997", "-0.04865464903844136168504514765174927289188244082939", "-0.0566560301022774563068784532822945306580129221954", "-0.06777980912235590093722026234448610837115336991642", "-0.084265197980629010303593076821990188071480760715517", "-0.11109242562475683927030480504092484676780947261277", "-0.16162843028198009168060086549985014050724475951794", "-0.27873916849661172553691599332778883219612075254246", "0.03951728884870465166784310073017098479476215422535", "0.31799168902585648172200730803088582466178469764719", "0.1933346034780518083460649572590106688492380294408", "0.13992376516434564562660837124423487250314323878409", "0.11118083385516098228288509826036955855942910498059", "0.093165837834234927970374782267499531377719916296235", "0.080734425541982697942723766735513348560237186977101", "0.071579811716757747432529736505414714862632916063438", "0.064517685263378175511973834681255005752327687587369", "0.058877722431027732391515211702817000914728255706596", "0.054251631003876161636057364816185058839884734946376", "0.050376095560162528401324835004291837058034757490991", "0.047073351768229348920007647567366393329950514837851", "0.044218816410033726891516458029437994394594480544753", "0.041722415405907427950964514336168219899642237322253", "0.03951728884870465166784310073017098479476215422535", "0.037552678923897145784888694758346250273229265482519", "0.035789295405756140995482845044646414935361274369065", "0.034196204686348831520959175148052499701063590976804", "0.032748686650277924587918199617301924458392138171168", "0.031426724175408468758481557819206968117786960499014", "0.030213916703573033216156929262181589163603092861637", "0.029096684533513134083167089250526300676053378866394"], ["-0.016671589878916181187598576684925656509456233036095", "-0.017464149348955173542331637472905881028559077046627", "-0.018335783438669834005186065346105748827846877479974", "-0.019298940132373194917750425752122589100858436905123", "-0.020368823030450992596579533965786471738631595027699", "-0.021564197929039632907506624773397699719354700845082", "-0.02290850006525194562321068912007230930975882619362", "-0.024431381310175860542677893843748833246760255584813", "0.8396340469539236446442972576544259728277910518452", "-0.028176812709628942384489909075385465959020572907764", "-0.030515225485438505131117784285007121409519509138328", "-0.033276145930970109285491598120903128806426270806812", "-0.036585182081397157580865801163937023476873372828518", "-0.040623058314670033363678833023745928972770650922598", "-0.045659452381063771032904546986664459202318655360694", "-0.05211511585676500470538332676717790712689989586433", "-0.060684111201290155777403523212112742834419505521724", "-0.072596301101487016536613858844568027829419271508821", "-0.090248579647674325279684595119814323553952811228588", "-0.11897070238062783733645270605884993890608667416076", "-0.1730615176962971109420944464711919161122851348457", "-0.29830130597249140745954969328809960134607156000074", "0.044085051002910402540023171771165257512013754926076", "0.34081989371492530453965298815586146852235436119599", "0.20694497752731603765161138545293313773023792225491", "0.14959171495696455775421344566117509048843167962932", "0.11871484580879080688430526448837613588199518056756", "0.099355165157624969471061765220723129515850451658396", "0.085992715884590625866993849764476457650587059105196", "0.076151773289468871621825337950612979058318305189545", "0.068560824653085177150821640523300634797740775913377", "0.062499857376297453823436651074406819791314712719266", "0.057530089850294995893504667260348971010161609551842", "0.053368394634976063959084944158213463870226558014023", "0.049823533809706472360880168390870825121362467546415", "0.046761416325597044944634767358074543566496507808811", "0.044085051002910402540023171771165257512013754926076", "0.041722415405907427950964514336168219899642237322253", "0.03961881426503291266247424771174941972389558285143", "0.037731897880463624916068675331368842296074872109513", "0.036028316748740228147947833554046291355683086181854", "0.034481415982412887773693838813091341358548271315288", "0.03306960963086683138498624757399978580497952567795", "0.031775210932537287323552209922351029803899188531536", "0.030583575251393383933885005447589498840575979823371"], ["-0.017949947971217599098364280283865635337185604132948", "-0.018803232269039394647601421423215829144866764029269", "-0.019741644763092563773658043021717136989443119683944", "-0.020778585561915819495540339639333068577218792905563", "-0.021930420966286582554161608987706270582709390603712", "-0.023217351624186960276752445848894641279271168860752", "-0.024664604280044277876970429105176694859512741765002", "-0.026304097009902401463583901459567149602890414246289", "-0.028176812709628942384489909075385465959020572907764", "0.76133084669877120517571887584852399582452469379143", "-0.032853638261248067877745659494628776860018445368892", "-0.035825812541640692735992442643661960230129119756336", "-0.039387971871986562646324431860120875982824306135436", "-0.043734619715930306108476064010836044726208170426306", "-0.04915598031535073676258747456892025785097827185128", "-0.056104833047954348425532229715809980654879783023757", "-0.065328010985813186262105468088788068102333638752289", "-0.078148737150469275805629352565715848063219108833953", "-0.097145442640790478934706226902528641064500837708679", "-0.12805009134772772683164898575719638620079328428606", "-0.18623285451326694444733122259808341158076373138551", "-0.32081168041106327954913800863915911262832580892516", "0.049643655903874967534216485682438390086708703220987", "0.36717680131667917931994890938666482098530971363197", "0.22261976354311236965401813842148771130952182193242", "0.16070224793612665151288240533221012526639744541289", "0.12735553160399196860599909822742093599029022488963", "0.10644027503913907568525908045939582926445439746763", "0.092001638442181129459177205492890243103724302895352", "0.081368202589423762322141100301912901309185249094411", "0.07316737881321442093821742859942854435758655442867", "0.066621524198385017287433312899397378234511771156859", "0.061256476918117775818634866231467859574039095745738", "0.056766111607667939223400563042946752613111855135764", "0.052943547670479888950694971489521076764577789164582", "0.049643655903874967534216485682438390086708703220987", "0.046761416325597044944634767358074543566496507808811", "0.044218816410033726891516458029437994394594480544753", "0.041956594505538493870990253118202346816409933050023", "0.039928854900133377159420628144927319237911386943422", "0.038099449957074717519961954284027960946479978410552", "0.036439485629039194966137080934606241587222297697259", "0.034925561823003066953758252320950854040252255938123", "0.033538505745542176432612272245813867914573299162103", "0.032262443478851164685838574433960212120564452758547"], ["-0.019440317000220645976302418204941949489468888256542", "-0.020364388490395913895395225653372823335439173067005", "-0.021380643950362001786668995080831091973265035394562", "-0.022503593090391854978712528190089598331904457543182", "-0.023750957182113496774758950738860021628927566397908", "-0.02514460895159918179695108857804146839542062416238", "-0.026711862775345225377164236702539715359639167665974", "-0.028487277427017623601637820804587692021933091287157", "-0.030515225485438505131117784285007121409519509138328", "-0.032853638261248067877745659494628776860018445368892", "0.67600711877216563741712490693808874153291344449789", "-0.038797986822033317594239225792695143600239794143779", "-0.042655138677355810030613818042866925544227236518707", "-0.047361613534157718852052865516238467348271412112111", "-0.053231565828876403983797928337493128098718228471877", "-0.06075507200529560453508954376004622141385205055473", "-0.070740406439907372659498769521147949976052837649522", "-0.084619465563215162652469880147299715377962060757533", "-0.10518191818823328031682629782851612409006113675115", "-0.13862747502400324449319379978637056501643493305464", "-0.20157077613846883210428977890842887505283825998717", "-0.34698968424286466242835549492502550678908102379391", "0.056518430417635220485213331113860653998935965603477", "0.39794837359190435218131003006984125158879649509358", "0.24086786367199525804914412398692460332163184102537", "0.17360597368261829947225760965399938540815850479834", "0.13736860472056947088623314558504904304343451678079", "0.11463403464504420177720053575080904138942338822272", "0.098938042703482751533450697992196855323932233354477", "0.087379878423669648122135140291204568581248601434584", "0.078468429666937545379015583004131410418466804418548", "0.071358436696462783247679930632446242762822733848561", "0.065534209426270768713924890128108615775587165796403", "0.06066262247153385257562431184892829737281317254901", "0.056518430417635220485213331113860653998935965603477", "0.052943547670479888950694971489521076764577789164582", "0.049823533809706472360880168390870825121362467546415", "0.047073351768229348920007647567366393329950514837851", "0.044628388532923728219159392854374886947710946564984", "0.042438596043629289057253948408360288068874484609364", "0.0404645528976854770332188747433165188733632592032", "0.038674747690016203444972008045226726053262321667135", "0.037043661825635914917242749565187717505885715353967", "0.035550388897263092926865542904615160180470018693346", "0.034177622353559965643591051902448123561169832115236"], ["-0.021200105165839979759751218894737694408629879700836", "-0.022207748323559654265279625667305055361919235174682", "-0.023315904269436592431954576271038208820706675255586", "-0.024540392306847037805653365390415291490446374618257", "-0.025900532844959185463256132889407896196257884647319", "-0.027420171930004871096499111447150414262890485825947", "-0.029129087584682843820579234520570801007759292961535", "-0.031064954775771547099788172051614554916509767001312", "-0.033276145930970109285491598120903128806426270806812", "-0.035825812541640692735992442643661960230129119756336", "-0.038797986822033317594239225792695143600239794143779", "0.5822199462183589098952756643607773835529004600447", "-0.046512290532678302466988410293038707488214678893635", "-0.051643426890219919480959685378010129222287221096276", "-0.058042758831157432780317495852425789598211039914576", "-0.066244343301111176270302123251883990867255114657468", "-0.077128890363482183672550678266838511251215446350671", "-0.092256378686745470162174989206400477340915771859825", "-0.11466533695483327499148159383363340701717847140935", "-0.15110616104924948535556312153557999269345932541849", "-0.21965664161807277816096206258795484521423808952532", "-0.37780885398494779691176712183825854310796514675893", "0.065183559257605087583345381741729362871588307398682", "0.43434390362639915799593913472505261785454951919669", "0.26238062140230514848325053550843381462331427449992", "0.1887776851472362721198645264716204231944726690085", "0.14911304415674299011826463701023198881967947084243", "0.12422353598673654673791552084727805295127733712062", "0.10704016208733663795272657586189638467241294085437", "0.094389759826208701773044827295865663702442401188938", "0.084640346324251801324976362414490702735240835921828", "0.076866257872387588289775888453703312080975860248178", "0.07050240924761858234764699088624212812681702103165", "0.065183559257605087583345381741729362871588307398682", "0.06066262247153385257562431184892829737281317254901", "0.056766111607667939223400563042946752613111855135764", "0.053368394634976063959084944158213463870226558014023", "0.050376095560162528401324835004291837058034757490991", "0.047718254286811026212248230582044147338375788813457", "0.045339902574545810723378704629826553485628565993405", "0.043197743922503366503131223037661748613832330008268", "0.041257172173751187479612382506490788375045725527499", "0.039490166620722019191806684254151680767373635015185", "0.037873775638491105755650066926406107173617200344506", "0.036389004449790065135646514862907010444848911698843"], ["-0.02330945394640983998535431817792944549859527963357", "-0.024417252160752258647253151542371751009764275512769", "-0.025635542895760763435457959673238258687457475619391", "-0.026981714331939400545801703712929004379087297315521", "-0.028477002555924075088722667564861747607752483928108", "-0.030147617444672504149426154139420170437936799121331", "-0.032026288076015420261647430482648785421168523950219", "-0.034154421927152898173228219699899385430850749379777", "-0.036585182081397157580865801163937023476873372828518", "-0.039387971871986562646324431860120875982824306135436", "-0.042655138677355810030613818042866925544227236518707", "-0.046512290532678302466988410293038707488214678893635", "0.4780183210974389059273383928037639794800098395373", "-0.056774563247761536494930960462981550956359763298918", "-0.063807992980396997936982038632119330653209220425047", "-0.072821694223922134204740027571499085326935259912078", "-0.08478304032118315397394124526028846219196563821493", "-0.10140519631755890370121230498907283131145599045306", "-0.1260241780251924370788971244237325236053391034953", "-0.16604814255161679719678808028451446200849427492204", "-0.24129968550374708762270876912481936242999101585429", "-0.41461958325742218518340920089883852484349297652173", "0.076353144236633426588378760945206169907568606027914", "0.47805810309540619985620527518124273834025535538672", "0.28812169739688710272910378099188985813260835394938", "0.20687691404569123939577629083813266401621784961635", "0.16308628234884451101721128324617989569881476725215", "0.13560592442136420335157578292329917031391013818824", "0.11663719037608757172895876249657982793245216708862", "0.10267811572967264319892913538933062671365752354674", "0.091926603927414584868974405342686781080988364522687", "0.083359865683180529908552956808794997321459572834589", "0.076353144236633426588378760945206169907568606027914", "0.07050240924761858234764699088624212812681702103165", "0.065534209426270768713924890128108615775587165796403", "0.061256476918117775818634866231467859574039095745738", "0.057530089850294995893504667260348971010161609551842", "0.054251631003876161636057364816185058839884734946376", "0.051342506010637538853757332154162718677860037571422", "0.048741835652591148248947857034377118706882019507739", "0.046401673724474140394921209942329622046048294611908", "0.044283705370524618167426202947853874439296084300641", "0.042356915192502029913766520739058027042559912145479", "0.040595906805303022149928727481872068936902099674768", "0.038979669917992201623228856274030314130257148904858"], ["-0.025883693123436893563014059892164222841500239915519", "-0.027113694751336365134559635619089234338647232828281", "-0.028466362927760833713591868835942194348266774499348", "-0.02996099922352161414071462938793425903681454391386", "-0.031621175966128237467190255664652836868708848302643", "-0.033475985670058633192614254929865343002739669643529", "-0.035561755957693436866402220479839180497624415285747", "-0.037924445480587671226845343160413079685102251699634", "-0.040623058314670033363678833023745928972770650922598", "-0.043734619715930306108476064010836044726208170426306", "-0.047361613534157718852052865516238467348271412112111", "-0.051643426890219919480959685378010129222287221096276", "-0.056774563247761536494930960462981550956359763298918", "0.36067157961179348634183181833564092045658496610552", "-0.070841422713032459379033116801257110350058677551176", "-0.080845259712002433059644561125757852512223008218659", "-0.094119199345657026466944673526057432603834263186934", "-0.1125628545850082455027826411205956514002300472416", "-0.13987410098067861719569035721588271813513497153458", "-0.1842604057689260073137642669214366138505166935259", "-0.26766041725460216635524845607651047835479548050505", "-0.45935021075862976626946898095332064657938462817459", "0.091145111734899533597635396657227027781338424842006", "0.53154136972972297349131889874566516726991686725528", "0.31947590291003697902219784839687816804978727369923", "0.22884787048681230405333522844655884859726598402596", "0.17999865508704497621045299430073077621075126960223", "0.14934738782630175619775483602231922183321513115161", "0.12819797395101084561055141069388391985837296244779", "0.11264390816576227942979539138010013781803360397459", "0.10067373140830729789038060333125550649495001910043", "0.091145111734899533597635396657227027781338424842006", "0.083359865683180529908552956808794997321459572834589", "0.076866257872387588289775888453703312080975860248178", "0.071358436696462783247679930632446242762822733848561", "0.066621524198385017287433312899397378234511771156859", "0.062499857376297453823436651074406819791314712719266", "0.058877722431027732391515211702817000914728255706596", "0.055667188780973501867704863858848489463228829606235", "0.052800158687220097662173965399660144463160549615688", "0.050223015834556943242693512549933739564656000460457", "0.047892929249749123691081815926812282489140936000625", "0.045775242035269739100273330435680081456315763022872", "0.043841589140405174104757383746700522933344161773891", "0.042068516149145548014137237459095213004018984782399"], ["-0.029094959522693719692729706814242286234968699746638", "-0.030477366133005295461057595710025224801063497806966", "-0.031997617909866802519045306166385104015082766420334", "-0.033677401358931690980561764607327245519836737880889", "-0.035543200640818659658374541778313264216843831227496", "-0.037627700897055724991105239582242206041330670522157", "-0.039971714302110814680481082520016421729178698068926", "-0.042626870799508355248586453680533655494381741106997", "-0.045659452381063771032904546986664459202318655360694", "-0.04915598031535073676258747456892025785097827185128", "-0.053231565828876403983797928337493128098718228471877", "-0.058042758831157432780317495852425789598211039914576", "-0.063807992980396997936982038632119330653209220425047", "-0.070841422713032459379033116801257110350058677551176", "0.22619118741004602847888500669743946279973734091221", "-0.090849096710972406740256005450258594674387338886141", "-0.10575808766196931001090045188845759373072205600481", "-0.12646999854233350754403248256037516508362050380507", "-0.15713227054759015664985466731953912008140404503043", "-0.20694420238010471690071049694547251455060829672084", "-0.3004635830115304508512843459557193730222516143307", "-0.51485146619371509582524553297504400889785976397793", "0.11139342854089103271971896083953754504776306264115", "0.59847279111225135492135801158421208700546970556711", "0.35850763547234392286232094491669169588977186882427", "0.25609235168679819163809598710545120850156822598752", "0.20090199490371809584291017022589643342415209853168", "0.16628498863701977278058467854720970892423619335951", "0.14241507371272822453837887694353685058754665101915", "0.12487626355768192868371729192552395436257308940964", "0.11139342854089103271971896083953754504776306264115", "0.10067373140830729789038060333125550649495001910043", "0.091926603927414584868974405342686781080988364522687", "0.084640346324251801324976362414490702735240835921828", "0.078468429666937545379015583004131410418466804418548", "0.07316737881321442093821742859942854435758655442867", "0.068560824653085177150821640523300634797740775913377", "0.064517685263378175511973834681255005752327687587369", "0.060938380926557083586318946386352889455449142404461", "0.057745821943230199943822248687696834655689318702362", "0.054879340394079612574298382909594926099837334230135", "0.052290497840963256397382368990814852594296477243285", "0.049940122919137674760248560694142124020829135900517", "0.047796175756040954569715676869043889598289087267859", "0.045832180777884814927242915934440290449154906860185"], ["-0.033211902001912298829231460056643373464263275689271", "-0.034789632602860089123857482120041894077729486455478", "-0.036524654740721079766830744572836910988875425840781", "-0.03844170930493508396053628467757152461604928796466", "-0.040571009374469000302181947566671930622075059196464", "-0.042949840478447393166020316169043844904636337358555", "-0.045624756791984324909344962845598885389757435937505", "-0.04865464903844136168504514765174927289188244082939", "-0.05211511585676500470538332676717790712689989586433", "-0.056104833047954348425532229715809980654879783023757", "-0.06075507200529560453508954376004622141385205055473", "-0.066244343301111176270302123251883990867255114657468", "-0.072821694223922134204740027571499085326935259912078", "-0.080845259712002433059644561125757852512223008218659", "-0.090849096710972406740256005450258594674387338886141", "0.068429593027401822299591165727071613244907907115505", "-0.12066707861296621328154489832665659278705677312348", "-0.14428044945801405794592072111543345028823708626454", "-0.17922666182646273995305422127596596188374294707852", "-0.23596797879738779444082411981927599451966353617952", "-0.34238648027164205967349001405681152869182446941961", "-0.58551852777417221067274378756250824460177183482656", "0.14028521786258580978542967030950842215092740571648", "0.68463802709015432512905976371352092221545183612377", "