{"Larch": [["-0.29380710666171865350220781100445239770739707819107", "-0.0073343797049598304518862575210023302433523523300347", "-0.0077920807097903875777566920641398034241927111748254", "-0.0083106720450806138907009544268089771779136359580514", "-0.0089031611816117773984390026532415628316526066714812", "-0.0095865412437610669892863605327968454284630338550131", "-0.010383442612043368440204218995086599085858416026123", "-0.011324678981080729832085850200558756304446300668562", "-0.012453308202537082734812939600433753109553514842508", "-0.013831373014015642276553463849780905298821323759267", "-0.015551634724773237754690974505317881110825994182622", "-0.017759207711829845465326391201731141476171724317476", "-0.020694390181833436926446775326108358714533684605741", "-0.024785475962474576757734589299790965461056467792514", "-0.030875231667260671373329535858366299009090560066731", "-0.040871602167029808519226894212962744639684154880346", "-0.060117415676679350171976557464697766052698334423792", "-0.10906431432204550631989045265287695086433218730258", "0.020822225475832482923298084424250921129991814145632", "0.13703649792656542066720361759852322765122907859929", "0.085573938397841949399517797935409870876143933001171", "0.064889245220734119667958783450832110965474649164188", "0.053720607294164490202970206422280061218498779553499", "0.046600491506179951438664378268274596159714756110671", "0.041580533304665442848170514299430561052254563521319", "0.037798056078403907414292853699683028676703771069399", "0.034812171706834683184063107089469691222614048118037", "0.032373424972448524656581933848928196606262860113932", "0.030329520812509501682758377002732256627004765285101", "0.028581823103363258415976965195756705338304462549058", "0.027063359093407653195998545108118425173161860179983", "0.025726865269315313554360091675387657671678079952188", "0.024537898808013015463515220308937481625197366747771", "0.023470670705006400815479815228892730067074127791421", "0.022505419957339710599830718335332728456708550929188", "0.021626699909569406162589065622686728312087361759222", "0.020822225475832482923298084424250921129991814145632"], ["-0.0073343797049598304518862575210023302433523523300347", "-0.3518123647137111346690686087746844863612788249281", "-0.0082497817146209447036271266072772766050330700196161", "-0.0087988182151410056101083028797123006451942777720597", "-0.0094260883404957597139565843639879736944193581186301", "-0.010149581628461376123636386285745474224740704236258", "-0.010993255193460076037867811289903452854359628765341", "-0.011989728860434213062119115647151493981295292058316", "-0.01318458370219097591808817989749538494758225234429", "-0.014643497177647618754636864640878227180754945187921", "-0.016464663060308060788335943059130720096100843277353", "-0.01880169051251684696667040456980402259945366151622", "-0.021908936588821946605952276944754361302822896630805", "-0.026239733983934138949888616948023351729198477414388", "-0.032686066433591505290363634192009681221839652969554", "-0.043267118057177664095465511119531345667993569348225", "-0.063636284741460651486649244127610795106654733230043", "-0.11542243523561336106164071484861911465314342698836", "0.022478496368820266063014810421030524151953235703024", "0.14505710223942793461826416621627464753426138031759", "0.090463849876936779918012748222589460408749000650182", "0.068500426467018817173951035499423833025915999238899", "0.056627987627456124519868133276722079859539309643191", "0.04905207656123175970641667989505991099621780649434", "0.043707268652910019948172982639449382412933125080073", "0.039678574236044063158716983333878251965039442877709", "0.03649803376330646372950108167388857208125270413596", "0.033900648229271922929984556593925524562017291361777", "0.031724480090934291761819289392500204288869843715291", "0.029864544632231940161257794578498099466220777366168", "0.028249488017489290563166986578088106394420970956191", "0.026828906768457818354568303315267323935512427694928", "0.025566036824560526622076558303451669104828002847055", "0.024433328530317845542585005002326950701774955295217", "0.023409656310742726995337293361282275690043729815831", "0.022478496368820266063014810421030524151953235703024", "0.021626699909569406162589065622686728312087361759222"], ["-0.0077920807097903875777566920641398034241927111748254", "-0.0082497817146209447036271266072772766050330700196161", "-0.41344719100434824694388263082357671840030973563166", "-0.0093478547156610665165894791521473246853554855245033", "-0.010014241653433167219121313242343322239112502168137", "-0.010782848266408186596972806178568206764643248975138", "-0.011679123563169858871427982460559996916691268451772", "-0.012737718289596866733817513455126337456547736466056", "-0.014007050700119314453831688779198403004673782731736", "-0.015556885100937143619066827217106934405858070211965", "-0.017491523228518950298924545115612400532484314934571", "-0.019974124823394169440341879898973661043278171682509", "-0.023274852076242046796184791978502069772601879291924", "-0.027875184190235338426821479706272994922304423541185", "-0.034722423493505718672591676490737381606573534882049", "-0.045960759314297411740991540697397043288221300065811", "-0.067592463529092059114007966807634617856770566316502", "-0.12256727880367952215217495406470857052301745078628", "0.024399013749035341735929931485299761699264879810689", "0.15407515423672492751955188932354240777774928916095", "0.095947940520912209063659407935359834687292449020726", "0.072539911108157752009613044031355470374913318673557", "0.059871876094559977981042896270922047682767928626332", "0.051780736479129507535466384966599777072467848233099", "0.04606895276052506379598207851430059418647704303915", "0.041762415799116454804905857679145883641999117351506", "0.038362526074886772414214757018937149109847944725776", "0.035586665427027637635329023921973636608699305817032", "0.03326195169884026239510569000787626124632764808971", "0.031276186348782047008105384252045335617007956898975", "0.029553033365064656108409633477565441501544329562469", "0.028038516716150189494506076760872310161048479340258", "0.026693230775866575666266681133809300628490038609278", "0.025487622409186838776333783441346441905220375466663", "0.024399013749035341735929931485299761699264879810689", "0.023409656310742726995337293361282275690043729815831", "0.022505419957339710599830718335332728456708550929188"], ["-0.0083106720450806138907009544268089771779136359580514", "-0.0087988182151410056101083028797123006451942777720597", "-0.0093478547156610665165894791521473246853554855245033", "-0.47920413511962042249217006201826865104632674169814", "-0.010680628591205267921653147332539319792869518811771", "-0.011500345041781746637164469691778647804287130700456", "-0.012456213179006122989707483563364220993803196094195", "-0.013585184183080816788124522030871090649345799201444", "-0.014938889897010964041280130704608618668537442173182", "-0.016591723498483156469479718561266869359275167659875", "-0.018654904444641505124972411681821697082074147707437", "-0.02130240858686080730581092999232695308801850745226", "-0.024822296227417711271695382292541485893407034154971", "-0.029727917137692765617844679761685561945999317342853", "-0.037029202473309777959500967157881932235775175732735", "-0.04901183469751710717635837915950118650512678461092", "-0.072072818053202135467655542781133640408417880223579", "-0.1306543805242522689832882022727486595114218768764", "0.026648804980015102286097892194462900791572904166369", "0.16428909229624905214681072485327301605669333757879", "0.10214181082894593115661522482286025582685997458221", "0.077089231431703241927735406430438958989372696684561", "0.063515019821413717165128810766873067281090213581639", "0.05483716603886903623806917817253713216035901492098", "0.048707848354629165239437866974607637942278592018371", "0.04408560991342452395588291844420466583869705384587", "0.040436890457084504541641028156810387100943746041005", "0.03745893709963966697499229488339534332928492212293", "0.034966343955420315551573496774277204683594973434279", "0.032838649466645243682132109767591207167098858530648", "0.030993806997684127316742933945332580989948026417542", "0.029373744267286305780616632329194439976991478085428", "0.027936026827298563327744479764359529087588160131132", "0.026648804980015102286097892194462900791572904166369", "0.025487622409186838776333783441346441905220375466663", "0.024433328530317845542585005002326950701774955295217", "0.023470670705006400815479815228892730067074127791421"], ["-0.0089031611816117773984390026532415628316526066714812", "-0.0094260883404957597139565843639879736944193581186301", "-0.010014241653433167219121313242343322239112502168137", "-0.010680628591205267921653147332539319792869518811771", "-0.54968501896236487872401183386740349710646284278518", "-0.012320061492358225352675792051017975815704742589141", "-0.013344005472906550523734651678776671594270034735407", "-0.014553369380372666410281646930315014268171225998002", "-0.016003455223462388071186876547625943387454423013535", "-0.017773942479938734179045032807012379272556297429496", "-0.019983950420214211325525622406702093296941585856715", "-0.022819805729097312932119184658010900701611220115187", "-0.026590004681944266690450661662541756655974223572871", "-0.03184428253174693202853262780936847774079151717964", "-0.039664059861520228963285749140416193480065741424831", "-0.052496489798090910744967945689224992569877445138115", "-0.077188833841701874429822409068516500459713577007896", "-0.13988313067294819214187551419122630102823359672753", "0.029315193092245128729508680732105916547604505807664", "0.17595374035541267348470831633232717177999752800483", "0.10919321329270538109900699808257272930309306791933", "0.082252164374227271918875909592967093035386944654933", "0.067637000288781438558838919550173755451865754270162", "0.058285471019399262772791405830699050684213148275335", "0.051677272201920886897492417689964985829035997559878", "0.046693526032692609283384635862144855630676414448615", "0.042760414050188585108154399769962646505207985352495", "0.039551961694893794579194270631914241725900332598351", "0.036868301144863048196291273612061226536780993944531", "0.034579420588959264146283520051596428245497593624344", "0.032596669904949104056681244763712269481594855080208", "0.030857239558341549251071068612962357005504848340879", "0.029315193092245128729508680732105916547604505807664", "0.027936026827298563327744479764359529087588160131132", "0.026693230775866575666266681133809300628490038609278", "0.025566036824560526622076558303451669104828002847055", "0.024537898808013015463515220308937481625197366747771"], ["-0.0095865412437610669892863605327968454284630338550131", "-0.010149581628461376123636386285745474224740704236258", "-0.010782848266408186596972806178568206764643248975138", "-0.011500345041781746637164469691778647804287130700456", "-0.012320061492358225352675792051017975815704742589141", "-0.62563633918988707046874325392734148823933714929692", "-0.014367949453454875694793511306535367372835326881673", "-0.015670023324379886939084574369963533494404467702433", "-0.017231253133830442310690571379828599244704316488333", "-0.019137412726833861385637342996010980136769186139585", "-0.02151672820578540852009558847783891679318895451023", "-0.024569763101887160862026416759176388182595633036195", "-0.028628567994742272595847071607045153918869863713404", "-0.034284810161670520363014732279162290481427364003453", "-0.042702281902538229364464633261460439887216963517686", "-0.056514132628664179284197161053045694245294715393012", "-0.083085994964369478891381192433743639063714380136874", "-0.15051338643799735604097549103624366146261100123906", "0.032517904983368463658907486330807754421705217222803", "0.18940186905882488054452146693113753946540483304726", "0.1172940982783762881957858507581454429776795886199", "0.088162928490888865498347890945716159838580175107688", "0.07234035686414259525951625552671444552642872467365", "0.062208000603385789890872916824127774378653031101139", "0.055045552922672419121185481360543036441917089146669", "0.049644205408945151015187657257802997202995472300503", "0.045383293837928909415812980332866485663346686683049", "0.041909780930677977303370182572047524341427836015965", "0.039006925607350929654942015597412496204280373793821", "0.036533565675680826208740158055872028414714357633239", "0.034393339160841397233055526236301479293486838986982", "0.032517904983368463658907486330807754421705217222803", "0.030857239558341549251071068612962357005504848340879", "0.029373744267286305780616632329194439976991478085428", "0.028038516716150189494506076760872310161048479340258", "0.026828906768457818354568303315267323935512427694928", "0.025726865269315313554360091675387657671678079952188"], ["-0.010383442612043368440204218995086599085858416026123", "-0.010993255193460076037867811289903452854359628765341", "-0.011679123563169858871427982460559996916691268451772", "-0.012456213179006122989707483563364220993803196094195", "-0.013344005472906550523734651678776671594270034735407", "-0.014367949453454875694793511306535367372835326881673", "-0.70800045210593980461776709835834050693232027839772", "-0.016972097195304898183375637433391699615973608523192", "-0.018662904974018225618639101416475215180638811291663", "-0.020727233817960189949251953559169517724747139225556", "-0.023303922893868041726421107770664804148277361417369", "-0.026610125831573617895472997849704592344547694267099", "-0.031005337751623505412689331657130118343208953185359", "-0.037130075977129898172760620989537565211226226449421", "-0.046244073458673648573173523505826073951514668097187", "-0.061197041870354101905242011024880175008901314116494", "-0.089957799515460939211039960546464466232802285462394", "-0.16289024434568303607244658010258077910713606254428", "0.03642505951977040860504923613391968123791692923151", "0.20507647048284640025523800371865083999142330688795", "0.12669853025922137133082723376276550085985922544144", "0.094998320353845114911223984429199594986007875240312", "0.077759626008992437194160615953792558832632727895858", "0.066712468253788181984147412596519723893446463923658", "0.058901858610235046610962092064269614431625556703799", "0.053013266191176731368344560866452384812249724889038", "0.048370856002498098671343304914836578315155787361285", "0.044589672853731922684235120375789566804011796153947", "0.041433056291933011716293630456682853639603814733616", "0.038746675029121508900198143680324523883738256959975", "0.03642505951977040860504923613391968123791692923151", "0.034393339160841397233055526236301479293486838986982", "0.032596669904949104056681244763712269481594855080208", "0.030993806997684127316742933945332580989948026417542", "0.029553033365064656108409633477565441501544329562469", "0.028249488017489290563166986578088106394420970956191", "0.027063359093407653195998545108118425173161860179983"], ["-0.011324678981080729832085850200558756304446300668562", "-0.011989728860434213062119115647151493981295292058316", "-0.012737718289596866733817513455126337456547736466056", "-0.013585184183080816788124522030871090649345799201444", "-0.014553369380372666410281646930315014268171225998002", "-0.015670023324379886939084574369963533494404467702433", "-0.016972097195304898183375637433391699615973608523192", "-0.79799188586965647800368310277695903209596791711441", "-0.020353712752731553053902565399558730745304014060134", "-0.022604802129287835832190111622058426779133904576737", "-0.025414531460055756240769597883089172325711945715428", "-0.029019632990640797823497337953782815526691215703076", "-0.033811985862887226858552070501877802088656022117792", "-0.04048973910743406483765811824889520947710166277046", "-0.050425784353440612914573221516173841713734819464901", "-0.066725159954735252370475307723816234433017277315657", "-0.098067321995478277103002663114583662523561027344527", "-0.17748205906072084986135367436949968705625230794639", "0.041279346493868163767633315549129806770088796300119", "0.22358051778935900845845580714798771829203971650554", "0.13775011698649262283191976231631605474261559728487", "0.10299620732164154441798110027652754460043512408056", "0.084075074222612259552663032846271509395873150323795", "0.071942753594356499494617603223389187862785218451586", "0.063365032481149161010629017328837927022660801717152", "0.056901341934870155232329016327554833947151021189718", "0.051809958802382466926854828196322277153636281881521", "0.047667761356183763727615658266248630125011066387804", "0.044214254077039578854373119403829260937488453936321", "0.041279346493868163767633315549129806770088796300119", "0.038746675029121508900198143680324523883738256959975", "0.036533565675680826208740158055872028414714357633239", "0.034579420588959264146283520051596428245497593624344", "0.032838649466645243682132109767591207167098858530648", "0.031276186348782047008105384252045335617007956898975", "0.029864544632231940161257794578498099466220777366168", "0.028581823103363258415976965195756705338304462549058"], ["-0.012453308202537082734812939600433753109553514842508", "-0.01318458370219097591808817989749538494758225234429", "-0.014007050700119314453831688779198403004673782731736", "-0.014938889897010964041280130704608618668537442173182", "-0.016003455223462388071186876547625943387454423013535", "-0.017231253133830442310690571379828599244704316488333", "-0.018662904974018225618639101416475215180638811291663", "-0.020353712752731553053902565399558730745304014060134", "-0.89721531530396776833847632154938892858112962902868", "-0.024855891505844118610477657844558122812963795093341", "-0.027944940813717857834203114124854393115915911543075", "-0.031908273069943879413362262138524177120486949584057", "-0.037176554140426145309714446777457569924494024132207", "-0.044516944378374567194409228818762505223461192512525", "-0.055437796286892122891351664202276360208473287032362", "-0.073349652412164352272842842341567306388404886352161", "-0.10778152315082161760914017532896177899584315400508", "-0.1949407642060529939510704642550486822019132294893", "0.047442652418528135449786903643998660521628077336144", "0.24575635692954905950503384101594648638634369201151", "0.15092543613142797082240495629263895353327556489696", "0.11248466271197793653120292071314956578087659624523", "0.091534273292279674738846289863830812263100090636932", "0.078095851350829036331185614464919049103324500619033", "0.068597454058266705639662241249362718133158602703232", "0.061445756916493785131519109370326220105530729145591", "0.055819051666555468036896905618315666481355187211613", "0.051247838940863517242432406880238491223448702200854", "0.047442652418528135449786903643998660521628077336144", "0.044214254077039578854373119403829260937488453936321", "0.041433056291933011716293630456682853639603814733616", "0.039006925607350929654942015597412496204280373793821", "0.036868301144863048196291273612061226536780993944531", "0.034966343955420315551573496774277204683594973434279", "0.03326195169884026239510569000787626124632764808971", "0.031724480090934291761819289392500204288869843715291", "0.030329520812509501682758377002732256627004765285101"], ["-0.013831373014015642276553463849780905298821323759267", "-0.014643497177647618754636864640878227180754945187921", "-0.015556885100937143619066827217106934405858070211965", "-0.016591723498483156469479718561266869359275167659875", "-0.017773942479938734179045032807012379272556297429496", "-0.019137412726833861385637342996010980136769186139585", "-0.020727233817960189949251953559169517724747139225556", "-0.022604802129287835832190111622058426779133904576737", "-0.024855891505844118610477657844558122812963795093341", "-1.0078560237376382781867786074064357919993072132723", "-0.03103399012159159705792857040515066341886802799281", "-0.035434463851993759814804564285507204274248526829415", "-0.041283441685286820876126709755090718961670767145162", "-0.049432207596507179340392121562313600826085541867321", "-0.061554177243101723747526465473820007687575185420166", "-0.081431945896551057883237039757735503650978401561964", "-0.11962804195724697460894910639816230130768306242104", "-0.2162013732935791033686445650563600021255319087888", "0.055475823965680608123149632698282747558804952050531", "0.272817581773088377316584990901996947306274440722", "0.1669055568257254334981215575778386877465700521688", "0.12392970889679644112634296892629187316369662885678", "0.10048736289213535115033274737986073034587423569311", "0.085449547269162833112732991058453132811630807455632", "0.07482767709587409392300490118895744086290009588967", "0.066839609942889904115393907321256491537936636910525", "0.06056463655904956136909540935142588938102100970014", "0.055475823965680608123149632698282747558804952050531", "0.051247838940863517242432406880238491223448702200854", "0.047667761356183763727615658266248630125011066387804", "0.044589672853731922684235120375789566804011796153947", "0.041909780930677977303370182572047524341427836015965", "0.039551961694893794579194270631914241725900332598351", "0.03745893709963966697499229488339534332928492212293", "0.035586665427027637635329023921973636608699305817032", "0.033900648229271922929984556593925524562017291361777", "0.032373424972448524656581933848928196606262860113932"], ["-0.015551634724773237754690974505317881110825994182622", "-0.016464663060308060788335943059130720096100843277353", "-0.017491523228518950298924545115612400532484314934571", "-0.018654904444641505124972411681821697082074147707437", "-0.019983950420214211325525622406702093296941585856715", "-0.02151672820578540852009558847783891679318895451023", "-0.023303922893868041726421107770664804148277361417369", "-0.025414531460055756240769597883089172325711945715428", "-0.027944940813717857834203114124854393115915911543075", "-0.03103399012159159705792857040515066341886802799281", "-1.1330040057052777667439569310997331983860186677326", "-0.03983493758239592257168055816586374512962902566602", "-0.046408167467134432785225779430060746733072136721339", "-0.055564946754812373434546638614701246628491379825491", "-0.069184224023479255419925939240987343754751974777005", "-0.091511537051542950048298733628252471697400476275795", "-0.13439371726318953753411919573033090762248556815908", "-0.24265385660386303284160399286367562194076960604537", "0.066289550726589633770784408086211923931014074555949", "0.30657886753916393002486427549168001516462360391253", "0.18669951152045713655372657037613762286311386018496", "0.13801731789846808096127674522915028558029341584311", "0.1114474756432792635010211905286116798262694243336", "0.094409819376143943125860803478730347906284564028589", "0.082389224754264500421643006302822305454454961881276", "0.073364516613855337526948739169683635201723614570747", "0.066289550726589633770784408086211923931014074555949", "0.06056463655904956136909540935142588938102100970014", "0.055819051666555468036896905618315666481355187211613", "0.051809958802382466926854828196322277153636281881521", "0.048370856002498098671343304914836578315155787361285", "0.045383293837928909415812980332866485663346686683049", "0.042760414050188585108154399769962646505207985352495", "0.040436890457084504541641028156810387100943746041005", "0.038362526074886772414214757018937149109847944725776", "0.03649803376330646372950108167388857208125270413596", "0.034812171706834683184063107089469691222614048118037"], ["-0.017759207711829845465326391201731141476171724317476", "-0.01880169051251684696667040456980402259945366151622", "-0.019974124823394169440341879898973661043278171682509", "-0.02130240858686080730581092999232695308801850745226", "-0.022819805729097312932119184658010900701611220115187", "-0.024569763101887160862026416759176388182595633036195", "-0.026610125831573617895472997849704592344547694267099", "-0.029019632990640797823497337953782815526691215703076", "-0.031908273069943879413362262138524177120486949584057", "-0.035434463851993759814804564285507204274248526829415", "-0.03983493758239592257168055816586374512962902566602", "-1.2772425583043536057218878760812409427296651803127", "-0.052981397351872942998771000694257748336515247776658", "-0.063429951341020598865979678839119997377922556905227", "-0.078967319503840366369341066266028543296459624480667", "-0.10443068691882970691745327749384965333934333892824", "-0.15330547319934826052660692324322434012105687665769", "-0.27645700977410755121992456531331093474262636944193", "0.081450191913587570391136546122222733796820231730516", "0.34988059317935891159943237969887298520140518260985", "0.21187000586521858756766069576969333041786306972396", "0.15580254344655448131457247556865168865128565999402", "0.12520042230015882587126680404629126391316928342448", "0.10559688245602226526732258361577985565927736316981", "0.091791083395546071421129434338875078576307576307991", "0.081450191913587570391136546122222733796820231730516", "0.073364516613855337526948739169683635201723614570747", "0.066839609942889904115393907321256491537936636910525", "0.061445756916493785131519109370326220105530729145591", "0.056901341934870155232329016327554833947151021189718", "0.053013266191176731368344560866452384812249724889038", "0.049644205408945151015187657257802997202995472300503", "0.046693526032692609283384635862144855630676414448615", "0.04408560991342452395588291844420466583869705384587", "0.041762415799116454804905857679145883641999117351506", "0.039678574236044063158716983333878251965039442877709", "0.037798056078403907414292853699683028676703771069399"], ["-0.020694390181833436926446775326108358714533684605741", "-0.021908936588821946605952276944754361302822896630805", "-0.023274852076242046796184791978502069772601879291924", "-0.024822296227417711271695382292541485893407034154971", "-0.026590004681944266690450661662541756655974223572871", "-0.028628567994742272595847071607045153918869863713404", "-0.031005337751623505412689331657130118343208953185359", "-0.033811985862887226858552070501877802088656022117792", "-0.037176554140426145309714446777457569924494024132207", "-0.041283441685286820876126709755090718961670767145162", "-0.046408167467134432785225779430060746733072136721339", "-0.052981397351872942998771000694257748336515247776658", "-1.4478087528165172897687293479280258496921996020988", "-0.073878505330168254733188356983982246419329866033796", "-0.091960280579824078054626099051913940776431812832672", "-0.12158045010781529489034736976038028834028603597877", "-0.17838649216121708990856590388046598806719228387795", "-0.32115213225855447286415527823712157202384859377498", "0.10385545679116432262278780392496948081904281164838", "0.40743230611239203368489000546932023284967952980792", "0.24497643126735502888846465782768721526216035941154", "0.17900075909082419512716619515341940387215242752409", "0.14301860426536200275827058452034616513813773654459", "0.12001308971128546601878563673487418329525850961949", "0.10385545679116432262278780392496948081904281164838", "0.091791083395546071421129434338875078576307576307991", "0.082389224754264500421643006302822305454454961881276", "0.07482767709587409392300490118895744086290009588967", "0.068597454058266705639662241249362718133158602703232", "0.063365032481149161010629017328837927022660801717152", "0.058901858610235046610962092064269614431625556703799", "0.055045552922672419121185481360543036441917089146669", "0.051677272201920886897492417689964985829035997559878", "0.048707848354629165239437866974607637942278592018371", "0.04606895276052506379598207851430059418647704303915", "0.043707268652910019948172982639449382412933125080073", "0.041580533304665442848170514299430561052254563521319"], ["-0.024785475962474576757734589299790965461056467792514", "-0.026239733983934138949888616948023351729198477414388", "-0.027875184190235338426821479706272994922304423541185", "-0.029727917137692765617844679761685561945999317342853", "-0.03184428253174693202853262780936847774079151717964", "-0.034284810161670520363014732279162290481427364003453", "-0.037130075977129898172760620989537565211226226449421", "-0.04048973910743406483765811824889520947710166277046", "-0.044516944378374567194409228818762505223461192512525", "-0.049432207596507179340392121562313600826085541867321", "-0.055564946754812373434546638614701246628491379825491", "-0.063429951341020598865979678839119997377922556905227", "-0.073878505330168254733188356983982246419329866033796", "-1.6571386523443648890673569000630887377157534503044", "-0.11004205582947990137606384111984563513353375963155", "-0.14543142249663881496892687614857930930076412095125", "-0.21322248777156670163369175284596056861647975649266", "-0.38297053899065102739689700855040640342497827571028", "0.13940224921543083809398303610675982626671734718481", "0.48765077468615208175456973254487064606118109578154", "0.2905271364955726408344150885150685669309446773323", "0.21061066714344825135971051417059461015858771421883", "0.16711828310930980914621046690971598864452302571996", "0.13940224921543083809398303610675982626671734718481", "0.12001308971128546601878563673487418329525850961949", "0.10559688245602226526732258361577985565927736316981", "0.094409819376143943125860803478730347906284564028589", "0.085449547269162833112732991058453132811630807455632", "0.078095851350829036331185614464919049103324500619033", "0.071942753594356499494617603223389187862785218451586", "0.066712468253788181984147412596519723893446463923658", "0.062208000603385789890872916824127774378653031101139", "0.058285471019399262772791405830699050684213148275335", "0.05483716603886903623806917817253713216035901492098", "0.051780736479129507535466384966599777072467848233099", "0.04905207656123175970641667989505991099621780649434", "0.046600491506179951438664378268274596159714756110671"], ["-0.030875231667260671373329535858366299009090560066731", "-0.032686066433591505290363634192009681221839652969554", "-0.034722423493505718672591676490737381606573534882049", "-0.037029202473309777959500967157881932235775175732735", "-0.039664059861520228963285749140416193480065741424831", "-0.042702281902538229364464633261460439887216963517686", "-0.046244073458673648573173523505826073951514668097187", "-0.050425784353440612914573221516173841713734819464901", "-0.055437796286892122891351664202276360208473287032362", "-0.061554177243101723747526465473820007687575185420166", "-0.069184224023479255419925939240987343754751974777005", "-0.078967319503840366369341066266028543296459624480667", "-0.091960280579824078054626099051913940776431812832672", "-0.11004205582947990137606384111984563513353375963155", "-1.929306289789575201948398683420892743586727929055", "-0.18082078916379772856178991117731298346799448227095", "-0.26481270374261010176250570870901803535795275492322", "-0.47394670004437473607050806336247581064190094351884", "0.20176332547665852296149475641229377032781674046658", "0.60718934078927847838069644727781390230012406686416", "0.35728866854974806453616157678755426727502441682628", "0.25641819899672370175053542206922893091460506762603", "0.20176332547665852296149475641229377032781674046658", "0.16711828310930980914621046690971598864452302571996", "0.14301860426536200275827058452034616513813773654459", "0.12520042230015882587126680404629126391316928342448", "0.1114474756432792635010211905286116798262694243336", "0.10048736289213535115033274737986073034587423569311", "0.091534273292279674738846289863830812263100090636932", "0.084075074222612259552663032846271509395873150323795", "0.077759626008992437194160615953792558832632727895858", "0.07234035686414259525951625552671444552642872467365", "0.067637000288781438558838919550173755451865754270162", "0.063515019821413717165128810766873067281090213581639", "0.059871876094559977981042896270922047682767928626332", "0.056627987627456124519868133276722079859539309643191", "0.053720607294164490202970206422280061218498779553499"], ["-0.040871602167029808519226894212962744639684154880346", "-0.043267118057177664095465511119531345667993569348225", "-0.045960759314297411740991540697397043288221300065811", "-0.04901183469751710717635837915950118650512678461092", "-0.052496489798090910744967945689224992569877445138115", "-0.056514132628664179284197161053045694245294715393012", "-0.061197041870354101905242011024880175008901314116494", "-0.066725159954735252370475307723816234433017277315657", "-0.073349652412164352272842842341567306388404886352161", "-0.081431945896551057883237039757735503650978401561964", "-0.091511537051542950048298733628252471697400476275795", "-0.10443068691882970691745327749384965333934333892824", "-0.12158045010781529489034736976038028834028603597877", "-0.14543142249663881496892687614857930930076412095125", "-0.18082078916379772856178991117731298346799448227095", "-2.3199217729861356065993634912512270421335728985675", "-0.34880461832142247496322150624072308724791102757549", "-0.62050965548466323982486714095223349754919243046931", "0.32929136369014394013592297761031924997837165927552", "0.80419187327754753011631803689159562374215370414794", "0.46491056009245722315575187438052771742362819664572", "0.32929136369014394013592297761031924997837165927552", "0.25641819899672370175053542206922893091460506762603", "0.21061066714344825135971051417059461015858771421883", "0.17900075909082419512716619515341940387215242752409", "0.15580254344655448131457247556865168865128565999402", "0.13801731789846808096127674522915028558029341584311", "0.12392970889679644112634296892629187316369662885678", "0.11248466271197793653120292071314956578087659624523", "0.10299620732164154441798110027652754460043512408056", "0.094998320353845114911223984429199594986007875240312", "0.088162928490888865498347890945716159838580175107688", "0.082252164374227271918875909592967093035386944654933", "0.077089231431703241927735406430438958989372696684561", "0.072539911108157752009613044031355470374913318673557", "0.068500426467018817173951035499423833025915999238899", "0.064889245220734119667958783450832110965474649164188"], ["-0.060117415676679350171976557464697766052698334423792", "-0.063636284741460651486649244127610795106654733230043", "-0.067592463529092059114007966807634617856770566316502", "-0.072072818053202135467655542781133640408417880223579", "-0.077188833841701874429822409068516500459713577007896", "-0.083085994964369478891381192433743639063714380136874", "-0.089957799515460939211039960546464466232802285462394", "-0.098067321995478277103002663114583662523561027344527", "-0.10778152315082161760914017532896177899584315400508", "-0.11962804195724697460894910639816230130768306242104", "-0.13439371726318953753411919573033090762248556815908", "-0.15330547319934826052660692324322434012105687665769", "-0.17838649216121708990856590388046598806719228387795", "-0.21322248777156670163369175284596056861647975649266", "-0.26481270374261010176250570870901803535795275492322", "-0.34880461832142247496322150624072308724791102757549", "-2.9990600736415081532163738681420744516500629882052", "-0.89221469264790400468651277566374390785047383336313", "0.66833935469592714768549521953584041859151300270103", "1.1885240371438708651428312179357018607388419480557", "0.66833935469592714768549521953584041859151300270103", "0.46491056009245722315575187438052771742362819664572", "0.35728866854974806453616157678755426727502441682628", "0.2905271364955726408344150885150685669309446773323", "0.24497643126735502888846465782768721526216035941154", "0.21187000586521858756766069576969333041786306972396", "0.18669951152045713655372657037613762286311386018496", "0.1669055568257254334981215575778386877465700521688", "0.15092543613142797082240495629263895353327556489696", "0.13775011698649262283191976231631605474261559728487", "0.12669853025922137133082723376276550085985922544144", "0.1172940982783762881957858507581454429776795886199", "0.10919321329270538109900699808257272930309306791933", "0.10214181082894593115661522482286025582685997458221", "0.095947940520912209063659407935359834687292449020726", "0.090463849876936779918012748222589460408749000650182", "0.085573938397841949399517797935409870876143933001171"], ["-0.10906431432204550631989045265287695086433218730258", "-0.11542243523561336106164071484861911465314342698836", "-0.12256727880367952215217495406470857052301745078628", "-0.1306543805242522689832882022727486595114218768764", "-0.13988313067294819214187551419122630102823359672753", "-0.15051338643799735604097549103624366146261100123906", "-0.16289024434568303607244658010258077910713606254428", "-0.17748205906072084986135367436949968705625230794639", "-0.1949407642060529939510704642550486822019132294893", "-0.2162013732935791033686445650563600021255319087888", "-0.24265385660386303284160399286367562194076960604537", "-0.27645700977410755121992456531331093474262636944193", "-0.32115213225855447286415527823712157202384859377498", "-0.38297053899065102739689700855040640342497827571028", "-0.47394670004437473607050806336247581064190094351884", "-0.62050965548466323982486714095223349754919243046931", "-0.89221469264790400468651277566374390785047383336313", "-4.7563437474899979485552584458782415985771985393065", "2.2288934020397583000575032147354247450334998387652", "2.2288934020397583000575032147354247450334998387652", "1.1885240371438708651428312179357018607388419480557", "0.80419187327754753011631803689159562374215370414794", "0.60718934078927847838069644727781390230012406686416", "0.48765077468615208175456973254487064606118109578154", "0.40743230611239203368489000546932023284967952980792", "0.34988059317935891159943237969887298520140518260985", "0.30657886753916393002486427549168001516462360391253", "0.272817581773088377316584990901996947306274440722", "0.24575635692954905950503384101594648638634369201151", "0.22358051778935900845845580714798771829203971650554", "0.20507647048284640025523800371865083999142330688795", "0.18940186905882488054452146693113753946540483304726", "0.17595374035541267348470831633232717177999752800483", "0.16428909229624905214681072485327301605669333757879", "0.15407515423672492751955188932354240777774928916095", "0.14505710223942793461826416621627464753426138031759", "0.13703649792656542066720361759852322765122907859929"], ["0.020822225475832482923298084424250921129991814145632", "0.022478496368820266063014810421030524151953235703024", "0.024399013749035341735929931485299761699264879810689", "0.026648804980015102286097892194462900791572904166369", "0.029315193092245128729508680732105916547604505807664", "0.032517904983368463658907486330807754421705217222803", "0.03642505951977040860504923613391968123791692923151", "0.041279346493868163767633315549129806770088796300119", "0.047442652418528135449786903643998660521628077336144", "0.055475823965680608123149632698282747558804952050531", "0.066289550726589633770784408086211923931014074555949", "0.081450191913587570391136546122222733796820231730516", "0.10385545679116432262278780392496948081904281164838", "0.13940224921543083809398303610675982626671734718481", "0.20176332547665852296149475641229377032781674046658", "0.32929136369014394013592297761031924997837165927552", "0.66833935469592714768549521953584041859151300270103", "2.2288934020397583000575032147354247450334998387652", "9.8245051711469840840250396566157455646489539708419", "2.2288934020397583000575032147354247450334998387652", "0.66833935469592714768549521953584041859151300270103", "0.32929136369014394013592297761031924997837165927552", "0.20176332547665852296149475641229377032781674046658", "0.13940224921543083809398303610675982626671734718481", "0.10385545679116432262278780392496948081904281164838", "0.081450191913587570391136546122222733796820231730516", "0.066289550726589633770784408086211923931014074555949", "0.055475823965680608123149632698282747558804952050531", "0.047442652418528135449786903643998660521628077336144", "0.041279346493868163767633315549129806770088796300119", "0.03642505951977040860504923613391968123791692923151", "0.032517904983368463658907486330807754421705217222803", "0.029315193092245128729508680732105916547604505807664", "0.02664880498001510228609789219446290