{"Larch": [["-0.28282062663971092202340428369171358729084090209481", "-0.010286949411201247554623716192521805752307117650321", "-0.010800542528605395828623787036330134153040713826131", "-0.011368083863559362387857666931822642790045143606261", "-0.011998539022460155397413604984581896028253928534403", "-0.012702975258417874329433664200784473816056950515973", "-0.013495215087740306740263429465199498646674670008927", "-0.014392749773666472719900644925777890002665532088829", "-0.015418041630527563411313442815457518027254316738387", "-0.016600422712695719743935480309332587979549554970589", "-0.017978934334887811126352648237748395407833020799112", "-0.019606699228024744265577917298702623647438917829974", "-0.021557884552327882993835365938150385701055032240392", "-0.023939237874180228056661596342640595812080561941363", "-0.026910117059976321577323410613119061853880552549231", "-0.030719293207457507422628173554500134858694729152864", "-0.035777451257978623152611070038281322014556289850087", "-0.04281312847224721020554565117410929522194306030121", "-0.05324865125526818847229414129278792601341523681307", "-0.070256424393787720838148315417204767287746500870213", "-0.10240644744717620367634649522746800168055035638605", "-0.1779161144566567341715653824954088547253225506983", "0.021191926255949391930206285314040355950009099050275", "0.20298622429789411576225867766179833091444234447289", "0.12419057100855405493566693576529732064214197858055", "0.090692672749749597634155781869786649610703354989847", "0.072727710686792332208860426811075320386225946955669", "0.061491405158887993274938986065838284465682680864173", "0.053745856263908257691816202658224171929760749850482", "0.048042557012883995043741350246044058092442113638106", "0.043639546470048058233720143413381417591824269796712", "0.040117898310519877731150880847487206688949924627414", "0.037223105309053370026721904533611884069158148284276", "0.034791468083940770662134352851621349149158438010359", "0.032712767606195628123311854005742929878786193123625", "0.030909958847886706360699882188621970103324181512783", "0.029327474675166493117210669342817661278289858114423", "0.027924162261552393350496785629681645724839434671187", "0.026668843310216186457122556068657175096853904691202", "0.025537426450099041450672945508248667458479105404923", "0.024510972783790346662968274343902581147835401808743", "0.023574366020791495904698769624713258296842336317827", "0.022715377150452000871102955425962760240630518711057", "0.021923993131929639360086052790937150408202499438661", "0.021191926255949391930206285314040355950009099050275"], ["-0.010286949411201247554623716192521805752307117650321", "-0.33030391889423387289065094913601999525354936698007", "-0.011314135646009544102623857880138462553774310001942", "-0.011908651089738419804474642301473061308914156584232", "-0.01256906889287979134501023458193525945356953216243", "-0.013306981720222031023136151202850140831994408732386", "-0.014136868223048118577391372119735037225548180480648", "-0.01507704983407734358078013304798723737772526782858", "-0.016151054804717037105126260904448334066532488036682", "-0.017389606875382528767599450823933935757954859635623", "-0.018833599326408540412100307353884683147335898926755", "-0.02053867420970709393667333740932070543695209784794", "-0.022582515019703031670127334096843892969123024475853", "-0.02507692857942847643183141968848382831706168229895", "-0.02818882226372825034830031018393423540015543215684", "-0.03217874633576152598462849193749858693772241568876", "-0.037476818047763781525810226961331956432039567996738", "-0.04484601466356258287122827211045851331379530671689", "-0.055775810187272126173333578063391815440539243822644", "-0.073588061892820302687233015374131598484159799937985", "-0.10725484208064856978801611517667569620308947421425", "-0.1862975727089295085024124658105532071739733223507", "0.022690920335337517619960094909590935078690823655066", "0.21268045946648935954938969556426742803565822911485", "0.13003741972245645939176652932868076092016150450363", "0.094900157006455882850354927622382835250828791349854", "0.076048297090712075399399792531219205431767269539908", "0.064252111103891425614537551537313672550989980807039", "0.056117441659282683812054718171214763695763263461623", "0.050125753670887039422254388333135696086897443326979", "0.045499080810780792916076828227378080465759834881092", "0.041798059901243915240676700748820840436991826036672", "0.03875568771938416414224918262155168051501186654023", "0.036200168630663958731408042509250822739829236624755", "0.034015789333995533446885659163266103685789020722835", "0.032121632620212822652327046846890904687313337370522", "0.030459315363348428564977366072398788907735485993415", "0.028985582030239994486750132902520630488093505569007", "0.027667648518903144133115698562202552957642040430162", "0.026480173183291154319233383974058416753499795485324", "0.025403227199046541386496274101246796196557004871796", "0.024420898906591314491181831770144134898071072667031", "0.023520311944638665466852386441047749655092412280846", "0.022690920335337517619960094909590935078690823655066", "0.021923993131929639360086052790937150408202499438661"], ["-0.010800542528605395828623787036330134153040713826131", "-0.011314135646009544102623857880138462553774310001942", "-0.38020514147007979384564155916956034350402509150881", "-0.012503166533467295506325426722807660064054003166522", "-0.013196535516314914966203422932833657903467143242675", "-0.013971263744959526663306915643754033591401108309201", "-0.014842551367307762196083250679634180893491648100325", "-0.015829632671690903476411388081556992342515459393908", "-0.016957207997834952605543328075166645985325517709139", "-0.018257531336721526576881678387333289072837795297577", "-0.019773532286458414950784863538102960721531097542357", "-0.021563622939006821696012168468118732423971852053051", "-0.023709352957072380426877681718514436010657895923244", "-0.026328091573375652098123016216515225204633261598678", "-0.029595046148538142535440014542583883137353859003081", "-0.033783716388819370744782694557295519582641500741592", "-0.039345581076460512770323539038560063137629943567794", "-0.047081473264732785455801899725813183364463373164553", "-0.058554664846101037552752935574845149995962052186438", "-0.077251234024985641427504142285542959421241299345988", "-0.11258488132701740454831568502648332029471809444827", "-0.19550722729118845399713818201741714110135221773748", "0.024391173134404870706089292549077404960314080337916", "0.22334686875756073591377129334733437520658358812042", "0.13646249042102309591423881965635436198715858698116", "0.099518169730476118804832266122492456894507187060802", "0.079688398454742142878650777965025774931164835354152", "0.067274760973887464403224007914011757955180552439398", "0.058710963863332384885696201865497580089976247056376", "0.052401305127068394367620249303997701962477878635457", "0.047528124255666162095316138445503671287886054341201", "0.043629514920114724183549133804991850884949279003521", "0.040424681831563954417078283971608018617304739091636", "0.03773288812345987817766713607019886420091322199981", "0.035432349489620692120307831570872496380775374807984", "0.033437868022219561038840710626497855209770538806051", "0.031687946275388368937553872659238119833074009405043", "0.030137002535275695589303675496310890289289728871034", "0.028750475856817385472997352907823136721848050164387", "0.027501640989488470492797093213361035113155852390385", "0.026369473589705912057262593363914829321565723684263", "0.02533718184383749035256146483810009893529787735085", "0.024391173134404870706089292549077404960314080337916", "0.023520311944638665466852386441047749655092412280846", "0.022715377150452000871102955425962760240630518711057"], ["-0.011368083863559362387857666931822642790045143606261", "-0.011908651089738419804474642301473061308914156584232", "-0.012503166533467295506325426722807660064054003166522", "-0.43278910804484317062867418354390584068265556596332", "-0.013889904499162534426081419142859655742880283318827", "-0.01470531235070564224179766010422722035507466088054", "-0.015622346311921251092669191998576354503304196411592", "-0.016661249206246805468932878421244325412130823450754", "-0.017848016290708484025386908345638443169579820617663", "-0.019216592137263898421974386998087560574301760652753", "-0.02081215596545714629999335451171657510117068245319", "-0.022696179989699262469723011186282616468961583163867", "-0.024954484781917389862494598940259633338058328451769", "-0.027710584077366487757302775165885981718691187441894", "-0.031148853386271855901723158889836267053108391351859", "-0.035557095543432043681320800210169507875857125539514", "-0.0414103821951522987137080092166948633740588620602", "-0.049551352316966034737907362083170720743064042450127", "-0.061624764733609953689181436164980982658089255454432", "-0.081297988243205538047577812008213915631065505357204", "-0.11847204102075564625666805316199365324946304099425", "-0.20567411955550629613551666842267322338120211854698", "0.02633298048534551103305848830022925048791240052236", "0.23513937052211213748477612935084147697011546768476", "0.14355609313314168598188473615060017256102585317867", "0.10461004865156445581897579761546064402898724116204", "0.08369672736727298802582365642971418514834826311592", "0.070598841286693912732788567690545900372648658922978", "0.061559529079204372101377067009029789696137457065291", "0.054897630960165920901233544535797908194267566397072", "0.049751505396004438302784344562848535412031982397042", "0.045634253543456939172473225252413261990270824795308", "0.042249780051047790621333584340380973054592971583297", "0.039407423278690783967133554829965748343078796172021", "0.03697865645810740139858632377389443691125374183942", "0.034873525352084775305877152418663652562077555742694", "0.033027070905959752708580518095057688920865767361758", "0.031391125154944607092116296149814377064388073930962", "0.029929151353682662072406575182984016630016680259556", "0.028612885642903908437217163211587943312522792822521", "0.027420085484926809558981188501393815521177067653203", "0.02633298048534551103305848830022925048791240052236", "0.02533718184383749035256146483810009893529787735085", "0.024420898906591314491181831770144134898071072667031", "0.023574366020791495904698769624713258296842336317827"], ["-0.011998539022460155397413604984581896028253928534403", "-0.01256906889287979134501023458193525945356953216243", "-0.013196535516314914966203422932833657903467143242675", "-0.013889904499162534426081419142859655742880283318827", "-0.48836749732088829293286335701978813667426333061807", "-0.015520720202248750057513901065594784967269038442253", "-0.016488567218300609425963078426434703883516152957975", "-0.01758503077527489581655003151403921530188100349473", "-0.018837544238594971425213280646333140026254704942371", "-0.020281929664884171221152980569133141540586056119538", "-0.021965864543172914945645343739859394994219082308917", "-0.02395421934549022361881466719248589657268748314173", "-0.026337557317261746792046246414934630537455584093386", "-0.029246215141611371460771814724000017938225732344457", "-0.032874748274982788049287332864533928184131202155162", "-0.037526840183820180886342562125379494433400474832304", "-0.043703755336484779071010225056181130676657076955314", "-0.052294540610643227069586280770886956512308946998689", "-0.065034397607499055065117151666561077437747039178404", "-0.085791860492808404955677571532570866290277853493096", "-0.12500842455335521574607971778818952809362446334897", "-0.21695554397058534094195403602736813912463281473687", "0.028567585206707069114121816491511967500734216291315", "0.248246174470600278111663368745246799744483665106", "0.15142839301475689700228304391527316397622116000354", "0.11025290356350383630683566508014256306574283756589", "0.088132483361201875410001159864831177916131378862954", "0.074272265016513758261435088857215707160280352063926", "0.06470325547830299320668783726535851658942986291463", "0.057649132378539059114326143082944210751753480385708", "0.052199251930433937253894566243837311994913223386114", "0.047838851989479882639086360230015962647054199169906", "0.044254768784983873658741263036210995511645587829801", "0.041245262167582277704830622897994210552939454085498", "0.038674275156683065926075248537786239999724876011362", "0.036446539218254043361746783759357952829979421518872", "0.034493226387369824181538703633742605941607831445526", "0.032763277568705429562364711764743893210062872635501", "0.031217947114060461969420927957273536405690120364803", "0.029827251075534378233311408421715017571248594997988", "0.028567585206707069114121816491511967500734216291315", "0.027420085484926809558981188501393815521177067653203", "0.026369473589705912057262593363914829321565723684263", "0.025403227199046541386496274101246796196557004871796", "0.024510972783790346662968274343902581147835401808743"], ["-0.012702975258417874329433664200784473816056950515973", "-0.013306981720222031023136151202850140831994408732386", "-0.013971263744959526663306915643754033591401108309201", "-0.01470531235070564224179766010422722035507466088054", "-0.015520720202248750057513901065594784967269038442253", "-0.54731077735317216576577618430107394357677769175651", "-0.017456414234352468794412255787274622799763267473696", "-0.018617186061787968696068096738261430469186986020968", "-0.019943152250710378547779740506579258379249927109077", "-0.021472232030543026512062750445017730683915310538859", "-0.02325489341135774792327163227471231699960909108225", "-0.025359802536030469212364794880301081840257223924976", "-0.027882819762263603468408010036268894190339376329263", "-0.030961902009031699136179053931300672059595319082232", "-0.034802973616397681159484380842193832986004775901041", "-0.039727452181977323969225428231357965380013618471309", "-0.046265849439597145344964436328052616650237807729229", "-0.055359025644676100153925645746327970807728939378392", "-0.068843142023287540065702017097404638397014577696569", "-0.090811227656419808876974976565926300670492768853871", "-0.13230760484342898012531743890302917763538149167608", "-0.22954522045610637787223154446247897375946805075528", "0.031161014936645646712453329288988835292969701863878", "0.26289989084131411300995099484584911000624770419202", "0.1602151884472308784264828831247925297100890651849", "0.1165415847517914656250531433874294304673934313663", "0.093068350197556667098930448480565747577245684448916", "0.078353764344639326821387315671888911347896233450571", "0.068191254420935677696435738931921703613634162973625", "0.060697876236071884496486144922466668906712752003539", "0.054908050815741244746350904936214595873400513859249", "0.050275758612238676204340216433693299093758939078066", "0.046468675784511007870454417262203802196049833247285", "0.043272618680790528696342927325265246107232614532918", "0.040543068100094507856543839903420068446862597199417", "0.038178781198937469809055473253523044089887703517576", "0.036106579503163971737637174753076070164474827248358", "0.034272152499047747675485918415691976903104494856681", "0.032634270366069832030843195503421061295779791843804", "0.031161014936645646712453329288988835292969701863878", "0.029827251075534378233311408421715017571248594997988", "0.028612885642903908437217163211587943312522792822521", "0.027501640989488470492797093213361035113155852390385", "0.026480173183291154319233383974058416753499795485324", "0.025537426450099041450672945508248667458479105404923"], ["-0.013495215087740306740263429465199498646674670008927", "-0.014136868223048118577391372119735037225548180480648", "-0.014842551367307762196083250679634180893491648100325", "-0.015622346311921251092669191998576354503304196411592", "-0.016488567218300609425963078426434703883516152957975", "-0.017456414234352468794412255787274622799763267473696", "-0.61006422182717633936693584303513742630147597291586", "-0.01977795788922346859772393768924823813861070456824", "-0.021186521258889333424463482866231576168993256926768", "-0.022810837962606545751279581997598766645299324893913", "-0.024704513205609067705486476396571740549570546984389", "-0.026940480196366069295955302698906373648356015215232", "-0.029620554016915459247407302411101272755435394471857", "-0.032891257405414446327860025094732964810999897883452", "-0.036971293539153332705118396474058734259284964454459", "-0.042202011953935641210871336280700559000041435248822", "-0.049146792960121613000019654382130416035285261754782", "-0.058804717591069157550245044833514638808453091369728", "-0.073125369339032129338309497206582139696785520215142", "-0.096453905611963450421787493548899506660548884344653", "-0.14051126131550587379181066626844021726649707911911", "-0.24368447420422330514408616370749259715678170297405", "0.034199604259833028931632428356255301423765512447476", "0.27939143819870626488079589194191521193601305546647", "0.17008583304065217549431039084212959373841419477704", "0.12359411101422009375239342755451911748145431025262", "0.098594588419152123893597583693957766096096132045047", "0.082916153800781793279282533360420508212070495399345", "0.072084330268903320718747011419157900268788591630321", "0.064095888865220769422177379735933681589603013719941", "0.057923236859495149477216036633026646651449004748121", "0.052985045526102322004290315322532015969499827340136", "0.048927333092928833896026212379491433926658029428861", "0.045521842122092121196000526699803759770454684236867", "0.042614478183467614165506557606659164562813520937743", "0.040097236213878502174692291496309170534358426655206", "0.037892012627747853088705489104421093263282763739093", "0.035940815942060657884192311131916705925777648480241", "0.034199604259833028931632428356255301423765512447476", "0.032634270366069832030843195503421061295779791843804", "0.031217947114060461969420927957273536405690120364803", "0.029929151353682662072406575182984016630016680259556", "0.028750475856817385472997352907823136721848050164387", "0.027667648518903144133115698562202552957642040430162", "0.026668843310216186457122556068657175096853904691202"], ["-0.014392749773666472719900644925777890002665532088829", "-0.01507704983407734358078013304798723737772526782858", "-0.015829632671690903476411388081556992342515459393908", "-0.016661249206246805468932878421244325412130823450754", "-0.01758503077527489581655003151403921530188100349473", "-0.018617186061787968696068096738261430469186986020968", "-0.01977795788922346859772393768924823813861070456824", "-0.67716983770095018916218451099895569579751027587365", "-0.022595084628555198251203028043214914199375809285296", "-0.02432727799929808432805740415177403089864363505675", "-0.026346698311070934074740655965679574686557161123105", "-0.028731110773151719470513143951320907525792342876979", "-0.03158907324245385737734397535547187967880033245258", "-0.035076807324779609282882706328980419256398096769321", "-0.039427484346286170434746176300460233705095573009633", "-0.045005018712024662787514761104632099107720276583895", "-0.052409996856888073489163622903561769134915768108843", "-0.062707393561253726445497155547941278875437330049877", "-0.077975134016287462132908184435430676202074139819406", "-0.10284356792219178224045945653720377903737706599269", "-0.14979843850214298188366349154376267719941141562302", "-0.25967779679815186489739775128022433708665106000304", "0.037798108403103462100256186092622204061257260248524", "0.29808952545420187322320338129386292756567704046864", "0.18125429133064486044090064546162240737823918885618", "0.131559225953300291660733281179172859460346811076", "0.10482472243538241823524608481938966105581754449838", "0.088050859385282056373132856912903945529604555397724", "0.076458724943099834495721818519558192573902843830253", "0.067908336444968234786718348709805587031794546369404", "0.061301549674656828523952557255734250337973339935789", "0.056016837335074229946040909198022859890671099502985", "0.051675544732214925995776218382241020809268778788745", "0.048033372891758105418836083022459605843880276113986", "0.044925309149122839453033612987989068366569973734261", "0.042235636003275001130850013967221935129821609913187", "0.039880632300746864181340986580064863311623917818656", "0.037798108403103462100256186092622204061257260248524", "0.035940815942060657884192311131916705925777648480241", "0.034272152499047747675485918415691976903104494856681", "0.032763277568705429562364711764743893210062872635501", "0.031391125154944607092116296149814377064388073930962", "0.030137002535275695589303675496310890289289728871034", "0.028985582030239994486750132902520630488093505569007", "0.027924162261552393350496785629681645724839434671187"], ["-0.015418041630527563411313442815457518027254316738387", "-0.016151054804717037105126260904448334066532488036682", "-0.016957207997834952605543328075166645985325517709139", "-0.017848016290708484025386908345638443169579820617663", "-0.018837544238594971425213280646333140026254704942371", "-0.019943152250710378547779740506579258379249927109077", "-0.021186521258889333424463482866231576168993256926768", "-0.022595084628555198251203028043214914199375809285296", "-0.74929704404051203221232650602183253040762755847774", "-0.026059471370040970404911780260333147597911460828203", "-0.028222505152328801986509469926911904930147837042009", "-0.030776452821350559876949849254022905301264520740874", "-0.033837570395928522158879212183536121048656463244401", "-0.037573151864024491489218641986133520267802554266125", "-0.042232884299241332465336701010001120289382200297023", "-0.048206437866806014864130722970548839808912343340837", "-0.056136860885429682893908697261105126001858262961786", "-0.06716431677599800735597428082624420828388861013483", "-0.083513138955060688521078700074652252402343972872817", "-0.11013888458524965351221004094574822129537718023881", "-0.16039871799160863051970186350214165744941438281783", "-0.27791492850350545463941272999076352346259531005825", "0.04211190790536479498250327281661056965130247950094", "0.31946849945971901132149714191633478368334723045224", "0.19399487732809486410915712505567473997684012624002", "0.14062712657576237930261188760401919908738931815607", "0.11190360060560117470671547997842324856999495304192", "0.093874330122852438195466324542173359199550890381041", "0.08141141542168258613306806084769684791256677648603", "0.072218023162755064931381271412330372804707420448199", "0.065115033052075557013732356587504666907852846718566", "0.059434746985666813780703689078076676155455747711171", "0.05477015428891368117273368698330168476796230329183", "0.050858511192570637565637647465086586645610519529957", "0.047522247371341225518581176104573836926798657696551", "0.044636773804453897404259385893534411030902995809427", "0.04211190790536479498250327281661056965130247950094", "0.039880632300746864181340986580064863311623917818656", "0.037892012627747853088705489104421093263282763739093", "0.036106579503163971737637174753076070164474827248358", "0.034493226387369824181538703633742605941607831445526", "0.033027070905959752708580518095057688920865767361758", "0.031687946275388368937553872659238119833074009405043", "0.030459315363348428564977366072398788907735485993415", "0.029327474675166493117210669342817661278289858114423"], ["-0.016600422712695719743935480309332587979549554970589", "-0.017389606875382528767599450823933935757954859635623", "-0.018257531336721526576881678387333289072837795297577", "-0.019216592137263898421974386998087560574301760652753", "-0.020281929664884171221152980569133141540586056119538", "-0.021472232030543026512062750445017730683915310538859", "-0.022810837962606545751279581997598766645299324893913", "-0.02432727799929808432805740415177403089864363505675", "-0.026059471370040970404911780260333147597911460828203", "-0.82728667103577840613221143835902575921707006271913", "-0.030385538934616633568107159593490662262384213255815", "-0.033134943547005354612968883750867784152941050697209", "-0.036430270071224372743535022824603778865571464049801", "-0.040451571987520371760295357417583613435275327625606", "-0.045467566885081404877421685159934714827676348190787", "-0.051897598949600188940667213422251455177412490426276", "-0.060433630816199498963765399689786837202422091838012", "-0.072302422451742636974857093396983090869635753798158", "-0.089896879797840657200652802276243264047280918655551", "-0.11854682590677052182293986701428972866512375217988", "-0.17261137677538750871195550743321515834500555754416", "-0.29890288326462749499228780913496605478465229749409", "0.047355860157319084627689046130221624824318936449335", "0.34414906880470186715909777921466820734629427982941", "0.20866516724130391974342838541007526581515689871123", "0.15104503894737508865933211684554122075522061684259", "0.12001907542769777147798767175717362481516591856369", "0.10053731909467984978437621925342372068829879878155", "0.087067777884404878582435420906014216097328788976253", "0.077131897889394866698195923995963548824838364512019", "0.069456676119795391652715410723115991408127337554126", "0.063320847820017167607322574048004395416972439008416", "0.058284485839303013850022620341720590523000293036179", "0.054063427132679454564410540286979075572423935378214", "0.050465516120996513355520894359170116307787062437541", "0.047355860157319084627689046130221624824318936449335", "0.044636773804453897404259385893534411030902995809427", "0.042235636003275001130850013967221935129821609913187", "0.040097236213878502174692291496309170534358426655206", "0.038178781198937469809055473253523044089887703517576", "0.036446539218254043361746783759357952829979421518872", "0.034873525352084775305877152418663652562077555742694", "0.033437868022219561038840710626497855209770538806051", "0.032121632620212822652327046846890904687313337370522", "0.030909958847886706360699882188621970103324181512783"], ["-0.017978934334887811126352648237748395407833020799112", "-0.018833599326408540412100307353884683147335898926755", "-0.019773532286458414950784863538102960721531097542357", "-0.02081215596545714629999335451171657510117068245319", "-0.021965864543172914945645343739859394994219082308917", "-0.02325489341135774792327163227471231699960909108225", "-0.024704513205609067705486476396571740549570546984389", "-0.026346698311070934074740655965679574686557161123105", "-0.028222505152328801986509469926911904930147837042009", "-0.030385538934616633568107159593490662262384213255815", "-0.91221588825437301899215866253793586749991143147321", "-0.035884348159394075657830607908244906043497888138604", "-0.039452635639528242331248954440160337167165089446794", "-0.043806916338488284491024756692281263826239032415536", "-0.04923807387269759770475031655154572796899938192453", "-0.056200010952596900015179224188003613760418145860368", "-0.065441646129796643196375106372502866359095071601711", "-0.078290548668474923175821369654624866384957402447064", "-0.097335797405743660154721007611587339270393006830518", "-0.12834252445923206496236572339437851382098370094922", "-0.186833960559464596226340342217187607953267691973", "-0.3233135509309921187581224136387365450139493960612", "0.053834310081647061144005396607197648748210865591431", "0.37295942324618790567657508219991119731619262545135", "0.22574021768244110212282378148175854639212412099459", "0.16314041080617453680782806860814334628972760551582", "0.12941936382534242179336859871659014275751280180241", "0.10823866368463846645216935918559515497951544654846", "0.093592962152128295924132230933764487117312844655812", "0.0827907103538165246069487178690927178294290264998", "0.074448786872515992913756539238946324091652915094623", "0.067783056713094967663295418507123207687417993878141", "0.062314941510844816005392155793321102013245043322179", "0.057735121309518414917998266368738629391328637492737", "0.053834310081647061144005396607197648748210865591431", "0.050465516120996513355520894359170116307787062437541", "0.047522247371341225518581176104573836926798657696551", "0.044925309149122839453033612987989068366569973734261", "0.042614478183467614165506557606659164562813520937743", "0.040543068100094507856543839903420068446862597199417", "0.038674275156683065926075248537786239999724876011362", "0.03697865645810740139858632377389443691125374183942", "0.035432349489620692120307831570872496380775374807984", "0.034015789333995533446885659163266103685789020722835", "0.032712767606195628123311854005742929878786193123625"], ["-0.019606699228024744265577917298702623647438917829974", "-0.02053867420970709393667333740932070543695209784794", "-0.021563622939006821696012168468118732423971852053051", "-0.022696179989699262469723011186282616468961583163867", "-0.02395421934549022361881466719248589657268748314173", "-0.025359802536030469212364794880301081840257223924976", "-0.026940480196366069295955302698906373648356015215232", "-0.028731110773151719470513143951320907525792342876979", "-0.030776452821350559876949849254022905301264520740874", "-0.033134943547005354612968883750867784152941050697209", "-0.035884348159394075657830607908244906043497888138604", "-1.0054972454530395882377078051257435205096013985702", "-0.043020923119662409004667300972075768290832290754984", "-0.047768200428035388907621831084299442717609604554002", "-0.053689315777132105053723552765979335277499879853172", "-0.06127892665089760610451637825794329068964821029081", "-0.071353105723877156704084006065354458422214508294333", "-0.085358248753321731095486496612354859775200654831808", "-0.10611457586950788651141963614063625830280659521508", "-0.13989979649671181362543261283014521479316942755054", "-0.20360613971502798740061920158484790816546433684349", "-0.35205647120815192306815159421178570891099454685346", "0.061990551739923528125990487926783335547457115930525", "0.40702973752998640412110888970892420592950016825052", "0.24586518428565919272133565758868188888717196785099", "0.17735646501800086626966083121645679288495799791971", "0.14043961129099152162344854582491247934424684779847", "0.1172463519248905003340443571289601587934537799664", "0.10120927452339431778189475086564739259736053482019", "0.089383769160106002399436458190055919155702743979711", "0.080255793979458628101734810141430073046134536317425", "0.072966426956719419829351719827891613373963787978978", "0.066991098161808572751259906445776626206423278153645", "0.061990551739923528125990487926783335547457115930525", "0.057735121309518414917998266368738629391328637492737", "0.054063427132679454564410540286979075572423935378214", "0.050858511192570637565637647465086586645610519529957", "0.048033372891758105418836083022459605843880276113986", "0.045521842122092121196000526699803759770454684236867", "0.043272618680790528696342927325265246107232614532918", "0.041245262167582277704830622897994210552939454085498", "0.039407423278690783967133554829965748343078796172021", "0.03773288812345987817766713607019886420091322199981", "0.036200168630663958731408042509250822739829236624755", "0.034791468083940770662134352851621349149158438010359"], ["-0.021557884552327882993835365938150385701055032240392", "-0.022582515019703031670127334096843892969123024475853", "-0.023709352957072380426877681718514436010657895923244", "-0.024954484781917389862494598940259633338058328451769", "-0.026337557317261746792046246414934630537455584093386", "-0.027882819762263603468408010036268894190339376329263", "-0.029620554016915459247407302411101272755435394471857", "-0.03158907324245385737734397535547187967880033245258", "-0.033837570395928522158879212183536121048656463244401", "-0.036430270071224372743535022824603778865571464049801", "-0.039452635639528242331248954440160337167165089446794", "-0.043020923119662409004667300972075768290832290754984", "-1.1090357370444106485504792131717142622984031391006", "-0.052515477736408368810576361196523117144386918353021", "-0.059023512105866953078251678662931118770833674402266", "-0.067364927827976005137799404019899131489253516802752", "-0.07843615137493084362893818233867413095506006267917", "-0.093825713880053595513650335740410678072074327647173", "-0.11663018466114879942921169200206300663813564595843", "-0.15373963555057601428554194309558370715064616137848", "-0.22367929178944868470011318916144442564979334260455", "-0.38639375432909520240853873790508681342434590864218", "0.072491699225882121839056266816669245931286056599076", "0.44794343395268175076890672522537874904043948270556", "0.26993902656943599286516923746874502698533898940149", "0.19430857179782111821383991830788237451386494320238", "0.15354393517746680238259967773898306846103821483801", "0.12793083692786069428995846766902922059907285134783", "0.11022366187608536320605487910550509015287258641864", "0.097172280470680614834971973434887194887851863669987", "0.087104500484965352385423816314402619787077137821448", "0.079071024329160568715352720922626738724742528964976", "0.072491699225882121839056266816669245931286056599076", "0.066991098161808572751259906445776626206423278153645", "0.062314941510844816005392155793321102013245043322179", "0.058284485839303013850022620341720590523000293036179", "0.05477015428891368117273368698330168476796230329183", "0.051675544732214925995776218382241020809268778788745", "0.048927333092928833896026212379491433926658029428861", "0.046468675784511007870454417262203802196049833247285", "0.044254768784983873658741263036210995511645587829801", "0.042249780051047790621333584340380973054592971583297", "0.040424681831563954417078283971608018617304739091636", "0.03875568771938416414224918262155168051501186654023", "0.037223105309053370026721904533611884069158148284276"], ["-0.023939237874180228056661596342640595812080561941363", "-0.02507692857942847643183141968848382831706168229895", "-0.026328091573375652098123016216515225204633261598678", "-0.027710584077366487757302775165885981718691187441894", "-0.029246215141611371460771814724000017938225732344457", "-0.030961902009031699136179053931300672059595319082232", "-0.032891257405414446327860025094732964810999897883452", "-0.035076807324779609282882706328980419256398096769321", "-0.037573151864024491489218641986133520267802554266125", "-0.040451571987520371760295357417583613435275327625606", "-0.043806916338488284491024756692281263826239032415536", "-0.047768200428035388907621831084299442717609604554002", "-0.052515477736408368810576361196523117144386918353021", "-1.2254896424098862200287872567594287756323041525717", "-0.06553154647532553734592699612933912039728043045151", "-0.074789652873759823301410925431587138661686816027617", "-0.087076375921105001901725456052724468891951110787887", "-0.10415327291596490218941882937638256830399617997071", "-0.12945312604609688555293875816317098453688539147951", "-0.17061032851960395519803620674542713881835603521605", "-0.24813126522559730125576130744214746972199426035477", "-0.42812853890318105660828403499365727545934078242833", "0.086381385555025509689015447707023952939694164927087", "0.49798932512159076272685503386756893565892212281142", "0.29925307241542184392660065552922394917895043556099", "0.21487724259234024213254127493324949881871926499866", "0.1693946592477648924743824499647912365845324558527", "0.14081985940387991308285381258799724472360569204074", "0.12107293785025161200716362845897363730602322007008", "0.10652776535862367631281874434935033938986678754643", "0.095317440380340277161659120873868839606575023478769", "0.086381385555025509689015447707023952939694164927087", "0.079071024329160568715352720922626738724742528964976", "0.072966426956719419829351719827891613373963787978978", "0.067783056713094967663295418507123207687417993878141", "0.063320847820017167607322574048004395416972439008416", "0.059434746985666813780703689078076676155455747711171", "0.056016837335074229946040909198022859890671099502985", "0.052985045526102322004290315322532015969499827340136", "0.050275758612238676204340216433693299093758939078066", "0.047838851989479882639086360230015962647054199169906", "0.045634253543456939172473225252413261990270824795308", "0.043629514920114724183549133804991850884949279003521", "0.041798059901243915240676700748820840436991826036672", "0.040117898310519877731150880847487206688949924627414"], ["-0.026910117059976321577323410613119061853880552549231", "-0.02818882226372825034830031018393423540015543215684", "-0.029595046148538142535440014542583883137353859003081", "-0.031148853386271855901723158889836267053108391351859", "-0.032874748274982788049287332864533928184131202155162", "-0.034802973616397681159484380842193832986004775901041", "-0.036971293539153332705118396474058734259284964454459", "-0.039427484346286170434746176300460233705095573009633", "-0.042232884299241332465336701010001120289382200297023", "-0.045467566885081404877421685159934714827676348190787", "-0.04923807387269759770475031655154572796899938192453", "-0.053689315777132105053723552765979335277499879853172", "-0.059023512105866953078251678662931118770833674402266", "-0.06553154647532553734592699612933912039728043045151", "-1.3587284053505288647826967582448892403704149906109", "-0.084047759272194109256894854733835156926093201603724", "-0.097848790643994734179624686014417143139286450956075", "-0.11702718172951135713724944045873038427290142981044", "-0.14543352093878972260469169867162895057178663173651", "-0.19162608492845963876845804886864474250257115616896", "-0.27856455168397592857406702599428219460944656533864", "-0.47992810925001755936004932625998844046820654699645", "0.10537050205881939056838325318656933710681598934941", "0.56060275529902590717938637053389205299850018428508", "0.33573153430449658205385342069508025613657352216224", "0.24036895068940076753967475412075755511108287367595", "0.18897184305802242829274157047263543299968352971139", "0.15669304447151110157737541325856158050213539377092", "0.1344018295877928369609558159295674057134020522502", "0.11799838614755362389006846038126297004234326874629", "0.10537050205881939056838325318656933710681598934941", "0.095317440380340277161659120873868839606575023478769", "0.087104500484965352385423816314402619787077137821448", "0.080255793979458628101734810141430073046134536317425", "0.074448786872515992913756539238946324091652915094623", "0.069456676119795391652715410723115991408127337554126", "0.065115033052075557013732356587504666907852846718566", "0.061301549674656828523952557255734250337973339935789", "0.057923236859495149477216036633026646651449004748121", "0.054908050815741244746350904936214595873400513859249", "0.052199251930433937253894566243837311994913223386114", "0.049751505396004438302784344562848535412031982397042", "0.047528124255666162095316138445503671287886054341201", "0.045499080810780792916076828227378080465759834881092", "0.043639546470048058233720143413381417591824269796712"], ["-0.030719293207457507422628173554500134858694729152864", "-0.03217874633576152598462849193749858693772241568876", "-0.033783716388819370744782694557295519582641500741592", "-0.035557095543432043681320800210169507875857125539514", "-0.037526840183820180886342562125379494433400474832304", "-0.039727452181977323969225428231357965380013618471309", "-0.042202011953935641210871336280700559000041435248822", "-0.045005018712024662787514761104632099107720276583895", "-0.048206437866806014864130722970548839808912343340837", "-0.051897598949600188940667213422251455177412490426276", "-0.056200010952596900015179224188003613760418145860368", "-0.06127892665089760610451637825794329068964821029081", "-0.067364927827976005137799404019899131489253516802752", "-0.074789652873759823301410925431587138661686816027617", "-0.084047759272194109256894854733835156926093201603724", "-1.5146926613276176902020207811282214173796466852625", "-0.11164982201579535910235451729499912935247970030843", "-0.1335168929581699810774267333211779979463055439138", "-0.1658954414943215937206239799842268817870177751141", "-0.21852066634252602114634884740234713889669064481027", "-0.31746791016633229243750146024637160214611723808563", "-0.5459081675796548010439084048476806543918921045619", "0.13243025367753560482913726860376997911151730234272", "0.641184069620428409233921523692