{"Larch": [["0.90143746032816056998299223486784713259328912759974", "-0.016972097195304898183375637433391699615973608523192", "-0.018662904974018225618639101416475215180638811291663", "-0.020727233817960189949251953559169517724747139225556", "-0.023303922893868041726421107770664804148277361417369", "-0.026610125831573617895472997849704592344547694267099", "-0.031005337751623505412689331657130118343208953185359", "-0.037130075977129898172760620989537565211226226449421", "-0.046244073458673648573173523505826073951514668097187", "-0.061197041870354101905242011024880175008901314116494", "-0.089957799515460939211039960546464466232802285462394", "-0.16289024434568303607244658010258077910713606254428", "0.03642505951977040860504923613391968123791692923151", "0.20507647048284640025523800371865083999142330688795", "0.12669853025922137133082723376276550085985922544144", "0.094998320353845114911223984429199594986007875240312", "0.077759626008992437194160615953792558832632727895858", "0.066712468253788181984147412596519723893446463923658", "0.058901858610235046610962092064269614431625556703799", "0.053013266191176731368344560866452384812249724889038", "0.048370856002498098671343304914836578315155787361285", "0.044589672853731922684235120375789566804011796153947", "0.041433056291933011716293630456682853639603814733616", "0.038746675029121508900198143680324523883738256959975", "0.03642505951977040860504923613391968123791692923151"], ["-0.016972097195304898183375637433391699615973608523192", "0.81144602656444389659707623044922860742964148888306", "-0.020353712752731553053902565399558730745304014060134", "-0.022604802129287835832190111622058426779133904576737", "-0.025414531460055756240769597883089172325711945715428", "-0.029019632990640797823497337953782815526691215703076", "-0.033811985862887226858552070501877802088656022117792", "-0.04048973910743406483765811824889520947710166277046", "-0.050425784353440612914573221516173841713734819464901", "-0.066725159954735252370475307723816234433017277315657", "-0.098067321995478277103002663114583662523561027344527", "-0.17748205906072084986135367436949968705625230794639", "0.041279346493868163767633315549129806770088796300119", "0.22358051778935900845845580714798771829203971650554", "0.13775011698649262283191976231631605474261559728487", "0.10299620732164154441798110027652754460043512408056", "0.084075074222612259552663032846271509395873150323795", "0.071942753594356499494617603223389187862785218451586", "0.063365032481149161010629017328837927022660801717152", "0.056901341934870155232329016327554833947151021189718", "0.051809958802382466926854828196322277153636281881521", "0.047667761356183763727615658266248630125011066387804", "0.044214254077039578854373119403829260937488453936321", "0.041279346493868163767633315549129806770088796300119", "0.038746675029121508900198143680324523883738256959975"], ["-0.018662904974018225618639101416475215180638811291663", "-0.020353712752731553053902565399558730745304014060134", "0.71222259713013260626228301167679871094447977696879", "-0.024855891505844118610477657844558122812963795093341", "-0.027944940813717857834203114124854393115915911543075", "-0.031908273069943879413362262138524177120486949584057", "-0.037176554140426145309714446777457569924494024132207", "-0.044516944378374567194409228818762505223461192512525", "-0.055437796286892122891351664202276360208473287032362", "-0.073349652412164352272842842341567306388404886352161", "-0.10778152315082161760914017532896177899584315400508", "-0.1949407642060529939510704642550486822019132294893", "0.047442652418528135449786903643998660521628077336144", "0.24575635692954905950503384101594648638634369201151", "0.15092543613142797082240495629263895353327556489696", "0.11248466271197793653120292071314956578087659624523", "0.091534273292279674738846289863830812263100090636932", "0.078095851350829036331185614464919049103324500619033", "0.068597454058266705639662241249362718133158602703232", "0.061445756916493785131519109370326220105530729145591", "0.055819051666555468036896905618315666481355187211613", "0.051247838940863517242432406880238491223448702200854", "0.047442652418528135449786903643998660521628077336144", "0.044214254077039578854373119403829260937488453936321", "0.041433056291933011716293630456682853639603814733616"], ["-0.020727233817960189949251953559169517724747139225556", "-0.022604802129287835832190111622058426779133904576737", "-0.024855891505844118610477657844558122812963795093341", "0.60158188869646209641398072581975184752630219272517", "-0.03103399012159159705792857040515066341886802799281", "-0.035434463851993759814804564285507204274248526829415", "-0.041283441685286820876126709755090718961670767145162", "-0.049432207596507179340392121562313600826085541867321", "-0.061554177243101723747526465473820007687575185420166", "-0.081431945896551057883237039757735503650978401561964", "-0.11962804195724697460894910639816230130768306242104", "-0.2162013732935791033686445650563600021255319087888", "0.055475823965680608123149632698282747558804952050531", "0.272817581773088377316584990901996947306274440722", "0.1669055568257254334981215575778386877465700521688", "0.12392970889679644112634296892629187316369662885678", "0.10048736289213535115033274737986073034587423569311", "0.085449547269162833112732991058453132811630807455632", "0.07482767709587409392300490118895744086290009588967", "0.066839609942889904115393907321256491537936636910525", "0.06056463655904956136909540935142588938102100970014", "0.055475823965680608123149632698282747558804952050531", "0.051247838940863517242432406880238491223448702200854", "0.047667761356183763727615658266248630125011066387804", "0.044589672853731922684235120375789566804011796153947"], ["-0.023303922893868041726421107770664804148277361417369", "-0.025414531460055756240769597883089172325711945715428", "-0.027944940813717857834203114124854393115915911543075", "-0.03103399012159159705792857040515066341886802799281", "0.47643390672882260785680240212645444113959073826489", "-0.03983493758239592257168055816586374512962902566602", "-0.046408167467134432785225779430060746733072136721339", "-0.055564946754812373434546638614701246628491379825491", "-0.069184224023479255419925939240987343754751974777005", "-0.091511537051542950048298733628252471697400476275795", "-0.13439371726318953753411919573033090762248556815908", "-0.24265385660386303284160399286367562194076960604537", "0.066289550726589633770784408086211923931014074555949", "0.30657886753916393002486427549168001516462360391253", "0.18669951152045713655372657037613762286311386018496", "0.13801731789846808096127674522915028558029341584311", "0.1114474756432792635010211905286116798262694243336", "0.094409819376143943125860803478730347906284564028589", "0.082389224754264500421643006302822305454454961881276", "0.073364516613855337526948739169683635201723614570747", "0.066289550726589633770784408086211923931014074555949", "0.06056463655904956136909540935142588938102100970014", "0.055819051666555468036896905618315666481355187211613", "0.051809958802382466926854828196322277153636281881521", "0.048370856002498098671343304914836578315155787361285"], ["-0.026610125831573617895472997849704592344547694267099", "-0.029019632990640797823497337953782815526691215703076", "-0.031908273069943879413362262138524177120486949584057", "-0.035434463851993759814804564285507204274248526829415", "-0.03983493758239592257168055816586374512962902566602", "0.33219535412974676887887145714494669679594422568481", "-0.052981397351872942998771000694257748336515247776658", "-0.063429951341020598865979678839119997377922556905227", "-0.078967319503840366369341066266028543296459624480667", "-0.10443068691882970691745327749384965333934333892824", "-0.15330547319934826052660692324322434012105687665769", "-0.27645700977410755121992456531331093474262636944193", "0.081450191913587570391136546122222733796820231730516", "0.34988059317935891159943237969887298520140518260985", "0.21187000586521858756766069576969333041786306972396", "0.15580254344655448131457247556865168865128565999402", "0.12520042230015882587126680404629126391316928342448", "0.10559688245602226526732258361577985565927736316981", "0.091791083395546071421129434338875078576307576307991", "0.081450191913587570391136546122222733796820231730516", "0.073364516613855337526948739169683635201723614570747", "0.066839609942889904115393907321256491537936636910525", "0.061445756916493785131519109370326220105530729145591", "0.056901341934870155232329016327554833947151021189718", "0.053013266191176731368344560866452384812249724889038"], ["-0.031005337751623505412689331657130118343208953185359", "-0.033811985862887226858552070501877802088656022117792", "-0.037176554140426145309714446777457569924494024132207", "-0.041283441685286820876126709755090718961670767145162", "-0.046408167467134432785225779430060746733072136721339", "-0.052981397351872942998771000694257748336515247776658", "0.1616291596175830848320299852981617898334098038987", "-0.073878505330168254733188356983982246419329866033796", "-0.091960280579824078054626099051913940776431812832672", "-0.12158045010781529489034736976038028834028603597877", "-0.17838649216121708990856590388046598806719228387795", "-0.32115213225855447286415527823712157202384859377498", "0.10385545679116432262278780392496948081904281164838", "0.40743230611239203368489000546932023284967952980792", "0.24497643126735502888846465782768721526216035941154", "0.17900075909082419512716619515341940387215242752409", "0.14301860426536200275827058452034616513813773654459", "0.12001308971128546601878563673487418329525850961949", "0.10385545679116432262278780392496948081904281164838", "0.091791083395546071421129434338875078576307576307991", "0.082389224754264500421643006302822305454454961881276", "0.07482767709587409392300490118895744086290009588967", "0.068597454058266705639662241249362718133158602703232", "0.063365032481149161010629017328837927022660801717152", "0.058901858610235046610962092064269614431625556703799"], ["-0.037130075977129898172760620989537565211226226449421", "-0.04048973910743406483765811824889520947710166277046", "-0.044516944378374567194409228818762505223461192512525", "-0.049432207596507179340392121562313600826085541867321", "-0.055564946754812373434546638614701246628491379825491", "-0.063429951341020598865979678839119997377922556905227", "-0.073878505330168254733188356983982246419329866033796", "-0.047700739910264514466597566836901098190144044306976", "-0.11004205582947990137606384111984563513353375963155", "-0.14543142249663881496892687614857930930076412095125", "-0.21322248777156670163369175284596056861647975649266", "-0.38297053899065102739689700855040640342497827571028", "0.13940224921543083809398303610675982626671734718481", "0.48765077468615208175456973254487064606118109578154", "0.2905271364955726408344150885150685669309446773323", "0.21061066714344825135971051417059461015858771421883", "0.16711828310930980914621046690971598864452302571996", "0.13940224921543083809398303610675982626671734718481", "0.12001308971128546601878563673487418329525850961949", "0.10559688245602226526732258361577985565927736316981", "0.094409819376143943125860803478730347906284564028589", "0.085449547269162833112732991058453132811630807455632", "0.078095851350829036331185614464919049103324500619033", "0.071942753594356499494617603223389187862785218451586", "0.066712468253788181984147412596519723893446463923658"], ["-0.046244073458673648573173523505826073951514668097187", "-0.050425784353440612914573221516173841713734819464901", "-0.055437796286892122891351664202276360208473287032362", "-0.061554177243101723747526465473820007687575185420166", "-0.069184224023479255419925939240987343754751974777005", "-0.078967319503840366369341066266028543296459624480667", "-0.091960280579824078054626099051913940776431812832672", "-0.11004205582947990137606384111984563513353375963155", "-0.31986837735547482734763935019470510406111852305757", "-0.18082078916379772856178991117731298346799448227095", "-0.26481270374261010176250570870901803535795275492322", "-0.47394670004437473607050806336247581064190094351884", "0.20176332547665852296149475641229377032781674046658", "0.60718934078927847838069644727781390230012406686416", "0.35728866854974806453616157678755426727502441682628", "0.25641819899672370175053542206922893091460506762603", "0.20176332547665852296149475641229377032781674046658", "0.16711828310930980914621046690971598864452302571996", "0.14301860426536200275827058452034616513813773654459", "0.12520042230015882587126680404629126391316928342448", "0.1114474756432792635010211905286116798262694243336", "0.10048736289213535115033274737986073034587423569311", "0.091534273292279674738846289863830812263100090636932", "0.084075074222612259552663032846271509395873150323795", "0.077759626008992437194160615953792558832632727895858"], ["-0.061197041870354101905242011024880175008901314116494", "-0.066725159954735252370475307723816234433017277315657", "-0.073349652412164352272842842341567306388404886352161", "-0.081431945896551057883237039757735503650978401561964", "-0.091511537051542950048298733628252471697400476275795", "-0.10443068691882970691745327749384965333934333892824", "-0.12158045010781529489034736976038028834028603597877", "-0.14543142249663881496892687614857930930076412095125", "-0.18082078916379772856178991117731298346799448227095", "-0.71048386055203523199860415802503940260796349257002", "-0.34880461832142247496322150624072308724791102757549", "-0.62050965548466323982486714095223349754919243046931", "0.32929136369014394013592297761031924997837165927552", "0.80419187327754753011631803689159562374215370414794", "0.46491056009245722315575187438052771742362819664572", "0.32929136369014394013592297761031924997837165927552", "0.25641819899672370175053542206922893091460506762603", "0.21061066714344825135971051417059461015858771421883", "0.17900075909082419512716619515341940387215242752409", "0.15580254344655448131457247556865168865128565999402", "0.13801731789846808096127674522915028558029341584311", "0.12392970889679644112634296892629187316369662885678", "0.11248466271197793653120292071314956578087659624523", "0.10299620732164154441798110027652754460043512408056", "0.094998320353845114911223984429199594986007875240312"], ["-0.089957799515460939211039960546464466232802285462394", "-0.098067321995478277103002663114583662523561027344527", "-0.10778152315082161760914017532896177899584315400508", "-0.11962804195724697460894910639816230130768306242104", "-0.13439371726318953753411919573033090762248556815908", "-0.15330547319934826052660692324322434012105687665769", "-0.17838649216121708990856590388046598806719228387795", "-0.21322248777156670163369175284596056861647975649266", "-0.26481270374261010176250570870901803535795275492322", "-0.34880461832142247496322150624072308724791102757549", "-1.3896221612074077786156145349158868121244535822078", "-0.89221469264790400468651277566374390785047383336313", "0.66833935469592714768549521953584041859151300270103", "1.1885240371438708651428312179357018607388419480557", "0.66833935469592714768549521953584041859151300270103", "0.46491056009245722315575187438052771742362819664572", "0.35728866854974806453616157678755426727502441682628", "0.2905271364955726408344150885150685669309446773323", "0.24497643126735502888846465782768721526216035941154", "0.21187000586521858756766069576969333041786306972396", "0.18669951152045713655372657037613762286311386018496", "0.1669055568257254334981215575778386877465700521688", "0.15092543613142797082240495629263895353327556489696", "0.13775011698649262283191976231631605474261559728487", "0.12669853025922137133082723376276550085985922544144"], ["-0.16289024434568303607244658010258077910713606254428", "-0.17748205906072084986135367436949968705625230794639", "-0.1949407642060529939510704642550486822019132294893", "-0.2162013732935791033686445650563600021255319087888", "-0.24265385660386303284160399286367562194076960604537", "-0.27645700977410755121992456531331093474262636944193", "-0.32115213225855447286415527823712157202384859377498", "-0.38297053899065102739689700855040640342497827571028", "-0.47394670004437473607050806336247581064190094351884", "-0.62050965548466323982486714095223349754919243046931", "-0.89221469264790400468651277566374390785047383336313", "-3.146905835055897573954499112652053959051589133309", "2.2288934020397583000575032147354247450334998387652", "2.2288934020397583000575032147354247450334998387652", "1.1885240371438708651428312179357018607388419480557", "0.80419187327754753011631803689159562374215370414794", "0.60718934078927847838069644727781390230012406686416", "0.48765077468615208175456973254487064606118109578154", "0.40743230611239203368489000546932023284967952980792", "0.34988059317935891159943237969887298520140518260985", "0.30657886753916393002486427549168001516462360391253", "0.272817581773088377316584990901996947306274440722", "0.24575635692954905950503384101594648638634369201151", "0.22358051778935900845845580714798771829203971650554", "0.20507647048284640025523800371865083999142330688795"], ["0.03642505951977040860504923613391968123791692923151", "0.041279346493868163767633315549129806770088796300119", "0.047442652418528135449786903643998660521628077336144", "0.055475823965680608123149632698282747558804952050531", "0.066289550726589633770784408086211923931014074555949", "0.081450191913587570391136546122222733796820231730516", "0.10385545679116432262278780392496948081904281164838", "0.13940224921543083809398303610675982626671734718481", "0.20176332547665852296149475641229377032781674046658", "0.32929136369014394013592297761031924997837165927552", "0.66833935469592714768549521953584041859151300270103", "2.2288934020397583000575032147354247450334998387652", "11.433943083581084458625798989841933204174563376839", "2.2288934020397583000575032147354247450334998387652", "0.66833935469592714768549521953584041859151300270103", "0.32929136369014394013592297761031924997837165927552", "0.20176332547665852296149475641229377032781674046658", "0.13940224921543083809398303610675982626671734718481", "0.10385545679116432262278780392496948081904281164838", "0.081450191913587570391136546122222733796820231730516", "0.066289550726589633770784408086211923931014074555949", "0.055475823965680608123149632698282747558804952050531", "0.047442652418528135449786903643998660521628077336144", "0.041279346493868163767633315549129806770088796300119", "0.03642505951977040860504923613391968123791692923151"], ["0.20507647048284640025523800371865083999142330688795", "0.22358051778935900845845580714798771829203971650554", "0.24575635692954905950503384101594648638634369201151", "0.272817581773088377316584990901996947306274440722", "0.30657886753916393002486427549168001516462360391253", "0.34988059317935891159943237969887298520140518260985", "0.40743230611239203368489000546932023284967952980792", "0.48765077468615208175456973254487064606118109578154", "0.60718934078927847838069644727781390230012406686416", "0.80419187327754753011631803689159562374215370414794", "1.1885240371438708651428312179357018607388419480557", "2.2288934020397583000575032147354247450334998387652", "2.2288934020397583000575032147354247450334998387652", "-3.146905835055897573954499112652053959051589133309", "-0.89221469264790400468651277566374390785047383336313", "-0.62050965548466323982486714095223349754919243046931", "-0.47394670004437473607050806336247581064190094351884", "-0.38297053899065102739689700855040640342497827571028", "-0.32115213225855447286415527823712157202384859377498", "-0.27645700977410755121992456531331093474262636944193", "-0.24265385660386303284160399286367562194076960604537", "-0.2162013732935791033686445650563600021255319087888", "-0.1949407642060529939510704642550486822019132294893", "-0.17748205906072084986135367436949968705625230794639", "-0.16289024434568303607244658010258077910713606254428"], ["0.12669853025922137133082723376276550085985922544144", "0.13775011698649262283191976231631605474261559728487", "0.15092543613142797082240495629263895353327556489696", "0.1669055568257254334981215575778386877465700521688", "0.18669951152045713655372657037613762286311386018496", "0.21187000586521858756766069576969333041786306972396", "0.24497643126735502888846465782768721526216035941154", "0.2905271364955726408344150885150685669309446773323", "0.35728866854974806453616157678755426727502441682628", "0.46491056009245722315575187438052771742362819664572", "0.66833935469592714768549521953584041859151300270103", "1.1885240371438708651428312179357018607388419480557", "0.66833935469592714768549521953584041859151300270103", "-0.89221469264790400468651277566374390785047383336313", "-1.3896221612074077786156145349158868121244535822078", "-0.34880461832142247496322150624072308724791102757549", "-0.26481270374261010176250570870901803535795275492322", "-0.21322248777156670163369175284596056861647975649266", "-0.17838649216121708990856590388046598806719228387795", "-0.15330547319934826052660692324322434012105687665769", "-0.13439371726318953753411919573033090762248556815908", "-0.11962804195724697460894910639816230130768306242104", "-0.10778152315082161760914017532896177899584315400508", "-0.098067321995478277103002663114583662523561027344527", "-0.089957799515460939211039960546464466232802285462394"], ["0.094998320353845114911223984429199594986007875240312", "0.10299620732164154441798110027652754460043512408056", "0.11248466271197793653120292071314956578087659624523", "0.12392970889679644112634296892629187316369662885678", "0.13801731789846808096127674522915028558029341584311", "0.15580254344655448131457247556865168865128565999402", "0.17900075909082419512716619515341940387215242752409", "0.21061066714344825135971051417059461015858771421883", "0.25641819899672370175053542206922893091460506762603", "0.32929136369014394013592297761031924997837165927552", "0.46491056009245722315575187438052771742362819664572", "0.80419187327754753011631803689159562374215370414794", "0.32929136369014394013592297761031924997837165927552", "-0.62050965548466323982486714095223349754919243046931", "-0.34880461832142247496322150624072308724791102757549", "-0.71048386055203523199860415802503940260796349257002", "-0.18082078916379772856178991117731298346799448227095", "-0.14543142249663881496892687614857930930076412095125", "-0.12158045010781529489034736976038028834028603597877", "-0.10443068691882970691745327749384965333934333892824", "-0.091511537051542950048298733628252471697400476275795", "-0.081431945896551057883237039757735503650978401561964", "-0.073349652412164352272842842341567306388404886352161", "-0.066725159954735252370475307723816234433017277315657", "-0.061197041870354101905242011024880175008901314116494"], ["0.077759626008992437194160615953792558832632727895858", "0.084075074222612259552663032846271509395873150323795", "0.091534273292279674738846289863830812263100090636932", "0.10048736289213535115033274737986073034587423569311", "0.1114474756432792635010211905286116798262694243336", "0.12520042230015882587126680404629126391316928342448", "0.14301860426536200275827058452034616513813773654459", "0.16711828310930980914621046690971598864452302571996", "0.20176332547665852296149475641229377032781674046658", "0.25641819899672370175053542206922893091460506762603", "0.35728866854974806453616157678755426727502441682628", "0.60718934078927847838069644727781390230012406686416", "0.20176332547665852296149475641229377032781674046658", "-0.47394670004437473607050806336247581064190094351884", "-0.26481270374261010176250570870901803535795275492322", "-0.18082078916379772856178991117731298346799448227095", "-0.31986837735547482734763935019470510406111852305757", "-0.11004205582947990137606384111984563513353375963155", "-0.091960280579824078054626099051913940776431812832672", "-0.078967319503840366369341066266028543296459624480667", "-0.069184224023479255419925939240987343754751974777005", "-0.061554177243101723747526465473820007687575185420166", "-0.055437796286892122891351664202276360208473287032362", "-0.050425784353440612914573221516173841713734819464901", "-0.046244073458673648573173523505826073951514668097187"], ["0.066712468253788181984147412596519723893446463923658", "0.071942753594356499494617603223389187862785218451586", "0.078095851350829036331185614464919049103324500619033", "0.085449547269162833112732991058453132811630807455632", "0.094409819376143943125860803478730347906284564028589", "0.10559688245602226526732258361577985565927736316981", "0.12001308971128546601878563673487418329525850961949", "0.13940224921543083809398303610675982626671734718481", "0.16711828310930980914621046690971598864452302571996", "0.21061066714344825135971051417059461015858771421883", "0.2905271364955726408344150885150685669309446773323", "0.48765077468615208175456973254487064606118109578154", "0.13940224921543083809398303610675982626671734718481", "-0.38297053899065102739689700855040640342497827571028", "-0.21322248777156670163369175284596056861647975649266", "-0.14543142249663881496892687614857930930076412095125", "-0.11004205582947990137606384111984563513353375963155", "-0.047700739910264514466597566836901098190144044306976", "-0.073878505330168254733188356983982246419329866033796", "-0.063429951341020598865979678839119997377922556905227", "-0.055564946754812373434546638614701246628491379825491", "-0.049432207596507179340392121562313600826085541867321", "-0.044516944378374567194409228818762505223461192512525", "-0.04048973910743406483765811824889520947710166277046", "-0.037130075977129898172760620989537565211226226449421"], ["0.058901858610235046610962092064269614431625556703799", "0.063365032481149161010629017328837927022660801717152", "0.068597454058266705639662241249362718133158602703232", "0.07482767709587409392300490118895744086290009588967", "0.082389224754264500421643006302822305454454961881276", "0.091791083395546071421129434338875078576307576307991", "0.10385545679116432262278780392496948081904281164838", "0.12001308971128546601878563673487418329525850961949", "0.14301860426536200275827058452034616513813773654459", "0.17900075909082419512716619515341940387215242752409", "0.24497643126735502888846465782768721526216035941154", "0.40743230611239203368489000546932023284967952980792", "0.10385545679116432262278780392496948081904281164838", "-0.32115213225855447286415527823712157202384859377498", "-0.17838649216121708990856590388046598806719228387795", "-0.12158045010781529489034736976038028834028603597877", "-0.091960280579824078054626099051913940776431812832672", "-0.073878505330168254733188356983982246419329866033796", "0.1616291596175830848320299852981617898334098038987", "-0.052981397351872942998771000694257748336515247776658", "-0.046408167467134432785225779430060746733072136721339", "-0.041283441685286820876126709755090718961670767145162", "-0.037176554140426145309714446777457569924494024132207", "-0.033811985862887226858552070501877802088656022117792", "-0.031005337751623505412689331657130118343208953185359"], ["0.053013266191176731368344560866452384812249724889038", "0.056901341934870155232329016327554833947151021189718", "0.061445756916493785131519109370326220105530729145591", "0.066839609942889904115393907321256491537936636910525", "0.073364516613855337526948739169683635201723614570747", "0.081450191913587570391136546122222733796820231730516", "0.091791083395546071421129434338875078576307576307991", "0.10559688245602226526732258361577985565927736316981", "0.12520042230015882587126680404629126391316928342448", "0.15580254344655448131457247556865168865128565999402", "0.21187000586521858756766069576969333041786306972396", "0.34988059317935891159943237969887298520140518260985", "0.081450191913587570391136546122222733796820231730516", "-0.27645700977410755121992456531331093474262636944193", "-0.15330547319934826052660692324322434012105687665769", "-0.10443068691882970691745327749384965333934333892824", "-0.078967319503840366369341066266028543296459624480667", "-0.063429951341020598865979678839119997377922556905227", "-0.052981397351872942998771000694257748336515247776658", "0.33219535412974676887887145714494669679594422568481", "-0.03983493758239592257168055816586374512962902566602", "-0.035434463851993759814804564285507204274248526829415", "-0.031908273069943879413362262138524177120486949584057", "-0.029019632990640797823497337953782815526691215703076", "-0.026610125831573617895472997849704592344547694267099"], ["0.048370856002498098671343304914836578315155787361285", "0.051809958802382466926854828196322277153636281881521", "0.055819051666555468036896905618315666481355187211613", "0.06056463655904956136909540935142588938102100970014", "0.066289550726589633770784408086211923931014074555949", "0.073364516613855337526948739169683635201723614570747", "0.082389224754264500421643006302822305454454961881276", "0.094409819376143943125860803478730347906284564028589", "0.1114474756432792635010211905286116798262694243336", "0.13801731789846808096127674522915028558029341584311", "0.18669951152045713655372657037613762286311386018496", "0.30657886753916393002486427549168001516462360391253", "0.066289550726589633770784408086211923931014074555949", "-0.24265385660386303284160399286367562194076960604537", "-0.13439371726318953753411919573033090762248556815908", "-0.091511537051542950048298733628252471697400476275795", "-0.069184224023479255419925939240987343754751974777005", "-0.055564946754812373434546638614701246628491379825491", "-0.046408167467134432785225779430060746733072136721339", "-0.03983493758239592257168055816586374512962902566602", "0.47643390672882260785680240212645444113959073826489", "-0.03103399012159159705792857040515066341886802799281", "-0.027944940813717857834203114124854393115915911543075", "-0.025414531460055756240769597883089172325711945715428", "-0.023303922893868041726421107770664804148277361417369"], ["0.044589672853731922684235120375789566804011796153947", "0.047667761356183763727615658266248630125011066387804", "0.051247838940863517242432406880238491223448702200854", "0.055475823965680608123149632698282747558804952050531", "0.06056463655904956136909540935142588938102100970014", "0.066839609942889904115393907321256491537936636910525", "0.07482767709587409392300490118895744086290009588967", "0.085449547269162833112732991058453132811630807455632", "0.10048736289213535115033274737986073034587423569311", "0.12392970889679644112634296892629187316369662885678", "0.1669055568257254334981215575778386877465700521688", "0.272817581773088377316584990901996947306274440722", "0.055475823965680608123149632698282747558804952050531", "-0.2162013732935791033686445650563600021255319087888", "-0.11962804195724697460894910639816230130768306242104", "-0.081431945896551057883237039757735503650978401561964", "-0.061554177243101723747526465473820007687575185420166", "-0.049432207596507179340392121562313600826085541867321", "-0.041283441685286820876126709755090718961670767145162", "-0.035434463851993759814804564285507204274248526829415", "-0.03103399012159159705792857040515066341886802799281", "0.60158188869646209641398072581975184752630219272517", "-0.024855891505844118610477657844558122812963795093341", "-0.022604802129287835832190111622058426779133904576737", "-0.020727233817960189949251953559169517724747139225556"], ["0.041433056291933011716293630456682853639603814733616", "0.044214254077039578854373119403829260937488453936321", "0.047442652418528135449786903643998660521628077336144", "0.051247838940863517242432406880238491223448702200854", "0.055819051666555468036896905618315666481355187211613", "0.061445756916493785131519109370326220105530729145591", "0.068597454058266705639662241249362718133158602703232", "0.078095851350829036331185614464919049103324500619033", "0.091534273292279674738846289863830812263100090636932", "0.11248466271197793653120292071314956578087659624523", "0.15092543613142797082240495629263895353327556489696", "0.24575635692954905950503384101594648638634369201151", "0.047442652418528135449786903643998660521628077336144", "-0.1949407642060529939510704642550486822019132294893", "-0.10778152315082161760914017532896177899584315400508", "-0.073349652412164352272842842341567306388404886352161", "-0.055437796286892122891351664202276360208473287032362", "-0.044516944378374567194409228818762505223461192512525", "-0.037176554140426145309714446777457569924494024132207", "-0.031908273069943879413362262138524177120486949584057", "-0.027944940813717857834203114124854393115915911543075", "-0.024855891505844118610477657844558122812963795093341", "0.71222259713013260626228301167679871094447977696879", "-0.020353712752731553053902565399558730745304014060134", "-0.018662904974018225618639101416475215180638811291663"], ["0.038746675029121508900198143680324523883738256959975", "0.041279346493868163767633315549129806770088796300119", "0.044214254077039578854373119403829260937488453936321", "0.047667761356183763727615658266248630125011066387804", "0.051809958802382466926854828196322277153636281881521", "0.056901341934870155232329016327554833947151021189718", "0.063365032481149161010629017328837927022660801717152", "0.071942753594356499494617603223389187862785218451586", "0.084075074222612259552663032846271509395873150323795", "0.10299620732164154441798110027652754460043512408056", "0.13775011698649262283191976231631605474261559728487", "0.22358051778935900845845580714798771829203971650554", "0.041279346493868163767633315549129806770088796300119", "-0.17748205906072084986135367436949968705625230794639", "-0.098067321995478277103002663114583662523561027344527", "-0.066725159954735252370475307723816234433017277315657", "-0.050425784353440612914573221516173841713734819464901", "-0.04048973910743406483765811824889520947710166277046", "-0.033811985862887226858552070501877802088656022117792", "-0.029019632990640797823497337953782815526691215703076", "-0.025414531460055756240769597883089172325711945715428", "-0.022604802129287835832190111622058426779133904576737", "-0.020353712752731553053902565399558730745304014060134", "0.81144602656444389659707623044922860742964148888306", "-0.016972097195304898183375637433391699615973608523192"], ["0.03642505951977040860504923613391968123791692923151", "0.038746675029121508900198143680324523883738256959975", "0.041433056291933011716293630456682853639603814733616", "0.044589672853731922684235120375789566804011796153947", "0.048370856002498098671343304914836578315155787361285", "0.053013266191176731368344560866452384812249724889038", "0.058901858610235046610962092064269614431625556703799", "0.066712468253788181984147412596519723893446463923658", "0.077759626008992437194160615953792558832632727895858", "0.094998320353845114911223984429199594986007875240312", "0.12669853025922137133082723376276550085985922544144", "0.20507647048284640025523800371865083999142330688795", "0.03642505951977040860504923613391968123791692923151", "-0.16289024434568303607244658010258077910713606254428", "-0.089957799515460939211039960546464466232802285462394", "-0.061197041870354101905242011024880175008901314116494", "-0.046244073458673648573173523505826073951514668097187", "-0.037130075977129898172760620989537565211226226449421", "-0.031005337751623505412689331657130118343208953185359", "-0.026610125831573617895472997849704592344547694267099", "-0.023303922893868041726421107770664804148277361417369", "-0.020727233817960189949251953559169517724747139225556", "-0.018662904974018225618639101416475215180638811291663", "-0.016972097195304898183375637433391699615973608523192", "0.90143746032816056998299223486784713259328912759974"]], "Lpr": [["0.75942024065338635636329397583731372016039947218377", "-0.75347247368421043273994419936516951924581347696399", "0.15915951205825708638793061323763527455021274614018", "0.049466662855765822550704362670012417235268349776975", "0.016645962087849200678360654735006569570717289776438", "-0.00082961507070725605645071802991500265360951009237536", "-0.013411336781406413685089670506936759504624969675767", "-0.024855212761873225527138769155576142248761217657499", "-0.037699370506642795375805023153717376906839261552375", "-0.05541480281672352234055924816165616229591068682258", "-0.086308832399632812006869959286162738964695451467227", "-0.16094598597727855776719994505807526442832187505085", "0.036966010701290758150389702437719312058201103147034", "0.20443000789084941008065786570339164600833593085294", "0.12501947005909330826271803224049220564598435644294", "0.092394498812099326444959072797344596670668177128802", "0.074298701305257534913487065233437656540721285496739", "0.062421808597887692605842602505546852066950294066548", "0.053758459862189815428882826752604669245809794087968", "0.046912228009711288204821392034465184350782843473195", "0.041030020423979069644795511978261860555697865821154", "0.035180203250651463236059036690248868461477210771328", "0.025857510577930182856067801455908770013472771965839", "0.071332901326747331667360741646540565593158258804036", "0.036966010701290758150389702437719312058201103147034"], ["-0.75347247368421043273994419936516951924581347696399", "-3.3350885545546252910893018595637329782055472029941", "1.0717914978007246055158054258404400683462389692443", "0.45093623112575395019602864368760338547580926314746", "0.27335210734520241181779560610173193250956087868991", "0.18733109958266853811442265230389862649444148162553", "0.13460089059915439012588123526470979244361273178188", "0.096580997391849642341662135879356087250747492226915", "0.064553929947295438533357716305061500570157054934998", "0.031842406041712341459363870738783007322827161945096", "-0.012179538923568631925417265944050874489015670856475", "-0.10169333720658537026992551962736583894657271485954", "0.10882405473633632095860187532889102399492970133895", "0.28425521468877106364904137112577174311284838150435", "0.19259577342396282680138435774862003063766111285885", "0.15281356827612145210102359223752417637898829527829", "0.12948344630455539942371581620667813492649026966079", "0.11341520124051882543995427762246662527399802975596", "0.10124263242374277120351971064188550386296410414985", "0.091378044770484717146197258223333778995038194608594", "0.082845941166515359243992338891074038439987936494056", "0.074612837097394558034859198493019787846841745158094", "0.062968462209460688360639801495007736168676879057736", "0.10882405473633632095860187532889102399492970133895", "0.071332901326747331667360741646540565593158258804036"], ["0.15915951205825708638793061323763527455021274614018", "1.0717914978007246055158054258404400683462389692443", "0.40102726427286521085377855910114702522085815592605", "-0.16991903554921670512374813846523329739462044294943", "-0.1258675878825586850312093037676221354087781665873", "-0.10748903315668348435270493887494852078949101424741", "-0.099696761201238163721599812379222776532043827583739", "-0.09846110268992535029316652211286070896835080317657", "-0.10331899802827608929705023528416826072585659744989", "-0.11672174992386083912012777999002514425194595338337", "-0.14767591851410528660557010241711224234342250086908", "-0.23208054109628647869056229134601093975688512420442", "0.012527310429897492502881520277736119559798774548405", "0.21266100713313892347933554796989280445526741898253", "0.11932946305923267857518260207430169416194629149339", "0.082122958312690440299886528114222953919969012665514", "0.062175728340543313274280844089980853967936791119105", "0.049523448136505106768230867741268395735848633790064", "0.040583328337681406559001853441975843582759425081441", "0.033706665180470606065632071892915761974379325512373", "0.027904521353503734451113834060553703445196212452373", "0.022129749691956134483230449685260825715294522837765", "0.012527310429897492502881520277736119559798774548405", "0.062968462209460688360639801495007736168676879057736", "0.025857510577930182856067801455908770013472771965839"], ["0.049466662855765822550704362670012417235268349776975", "0.45093623112575395019602864368760338547580926314746", "-0.169919035549216705123