{"Larch": [["-0.25224846917575109687290260235576306675294402964898", "-0.0062821796037856305097830355053005678119920771670001", "-0.0066742685845065838204245212850971525070229977400614", "-0.0071185290512507959552463436844504319708689984472717", "-0.0076261088712193997306687178502977901964610799364922", "-0.0082115729655606959944158380046409697842038853400803", "-0.0088943199518342137954420921689436469987516975677562", "-0.0097007664628293460887234233566635285563590525828654", "-0.01066783197023457454990688250399212182673178032553", "-0.011848725358125993930728436563953567631614084009602", "-0.013323022278794590766130987807495955888826745561703", "-0.015215257212196251550668018582487761605887646639549", "-0.017731763232452391043420867819290773937545016078568", "-0.021240606215646170874992469389466393404924274480817", "-0.026467049923890309706197843125781591020092487354177", "-0.035057300053022759589296874679681886190762996279691", "-0.051649527471970137766382320718293404023295640503634", "-0.094454474319094298724098272399593546989166948198303", "0.019827095515590714788743344776610363763018825046648", "0.12207902642030888477391742330268754706760609584476", "0.077008393905639396832843877172533377992070397486874", "0.059030235207457482201629215816819113730005840279747", "0.049287006249805912194615009805405244079544205665355", "0.043039274754985476250854891913958096075334489996955", "0.038606524889612267704825451074560932613300745609256", "0.035245730715816979978084344654613538925337672588575", "0.032577140821123524617541165001266640552190198357552", "0.030385702473496284361900605223465007561229794732065", "0.028539931940112226028357695428211073931518998010127", "0.02695451047589900534537325432602130328838589895722", "0.025571378609075700505580432165721165915372929569529", "0.024349461399647393947317406515521869173861197689669", "0.023258746063941979103669852604973883007953813169541", "0.022276697748939943038196952818524981557008627182459", "0.02138599928618467353045910160376962942596246168116", "0.020573074804715753225844098498950676093733422252752", "0.019827095515590714788743344776610363763018825046648"], ["-0.0062821796037856305097830355053005678119920771670001", "-0.31013291446747283578855130676355558553471633554162", "-0.0070663575652275371310660070648937372020539183131226", "-0.0075367037749833786779779977740253640503074590874075", "-0.0080740852936973228042972786319635309912840808596562", "-0.0086939213060044623655740386294760702772568373833503", "-0.0094167480214439304525739035016722628361036216479074", "-0.010270530939336632018546821331890688680420215152176", "-0.011294353736870137984210289218090915257408880776748", "-0.012544543577418539358346611696285192609066834864927", "-0.014105338131573364127947426952184332341808375383337", "-0.016108564973037313654756516890206480985277203586804", "-0.018772634471422096546478852575108065403504374161438", "-0.022487141766634549238759922213146878871001957590302", "-0.028019732256206054259768212942741669728407903522421", "-0.037112665799396840237833577477851980360675204787741", "-0.054674017329849104916822273065826259770715878059409", "-0.099965242738801090487492974705486858187740377637759", "0.021362935228495205688656661263781595032137113412157", "0.12921020453275858006745633768090910900536154990097", "0.081392108300872293008771609418735164613336843521288", "0.062295855948019637837199828382925097807105736152085", "0.051933157957119795180538726248772187502950695324038", "0.045281159044020526558156615887560762615667515777134", "0.040558207693673045888069298317163606544835216164746", "0.036976060312467088748412152161276626706059745495057", "0.034131513638119890822634133021529328886757489378534", "0.031796005630314819549273052943802145075584482112798", "0.029829639775071405900140685462785579181278667461132", "0.028141535121602028054485978962854227256256540961657", "0.026669777168139884333696413809549501561144136698375", "0.025370516099761828095887421249549283740056306851558", "0.024211679149997708446039300608531123356984325761042", "0.023169162666212617211571327453644529974789899193379", "0.022224428949517106986224014849499029342264114373529", "0.021362935228495205688656661263781595032137113412157", "0.020573074804715753225844098498950676093733422252752"], ["-0.0066742685845065838204245212850971525070229977400614", "-0.0070663575652275371310660070648937372020539183131226", "-0.37162364734731511358234049061290923265286969855019", "-0.0080070499847392202248899884831569908985609998616923", "-0.008577949157932215640912914415498427885899162132923", "-0.0092364425529301041104100491510035146356578104067595", "-0.010004345635498028782950877610866894244616047481604", "-0.010911365614158450996042984185290078976093474519987", "-0.011999019765477238126401002910290444933301374520686", "-0.013327141579160111105100983786483971952925822943756", "-0.014985210702366592502557604438095656734277682517113", "-0.01711325468501617771294435131524123029452423528388", "-0.01994326216204155248802013712612949822364941974627", "-0.023889031239489732157641187226624437204542688433682", "-0.029765846813787597353826730099228997438937402289862", "-0.039423920278948325092200313663464152911338380670404", "-0.058074564455893502615804863494464297097048875184144", "-0.1061585017503726607112547725481930662534528082594", "0.023139766028102877114889328034323803296774052894987", "0.13722647289146364578501647560713280584109187156062", "0.086306467515655616905429254778936770269747441400977", "0.065946498764506331256582240774915562807587823229201", "0.054883133733237161796118962914455483738200926005896", "0.047773897930175196257643407456725262606987584067146", "0.042722960659986708752575448561802576715148358641012", "0.038890948046279898569259028649370990354238600443239", "0.035848091604926033654038305525130289973791298032353", "0.033350500158136513816486615344149980366690018129835", "0.03124871659585213447826401979077324519602222845245", "0.029445531147040160098395311778696744458416187601463", "0.027874639122903006528866500269351045802686924377357", "0.026489028984761461379575470501771456875991142202064", "0.025254280373838549965276144197645285375618933896847", "0.024144502028517138319398338244565119238559054596815", "0.023139766028102877114889328034323803296774052894987", "0.022224428949517106986224014849499029342264114373529", "0.02138599928618467353045910160376962942596246168116"], ["-0.0071185290512507959552463436844504319708689984472717", "-0.0075367037749833786779779977740253640503074590874075", "-0.0080070499847392202248899884831569908985609998616923", "-0.43720683398242909827377608185538467328616641590434", "-0.0091488483311252110569358403478398648732373244041536", "-0.0098511388370255460531700794849267765042062156792931", "-0.010670110852417631635637840653436862026634396688241", "-0.011637444521513258688831233110823350995476593184561", "-0.012797413721624841706703205795717135740249449452485", "-0.014213823511563592918469483003705135461986626790767", "-0.015982090804884788542224406717372608996522922896459", "-0.018251530272550797398951146669251760219019639711654", "-0.021269507959519589406145709197570887926437021955667", "-0.025477229364964783350916307100971181835140857290881", "-0.031743919252791995274639161155235543488062529783333", "-0.042041992803465750497809507428489749745736495737796", "-0.061925911722905370492029084649180243727701788670487", "-0.1131693197336321921745665428385527859216593660021", "0.025216220428959016937541282468822522909796389745432", "0.14630356807122632491063562961277591813732017602452", "0.091854321486267077913095092617883462103177349710546", "0.070055029250575528561108475733697371346818313400917", "0.058193143402604339797224697198540350824346290525243", "0.050562945325920917081770077253719375282265013263588", "0.045138675452592705370549993182991127553896423331617", "0.041022675229508040332629438519031353138456764093463", "0.037754836891433218605296057438534084794328354462529", "0.035073731414089669401543973836954437502742143879482", "0.032818947259075788666390180121730454639805557585015", "0.030886015036723982418521669481075734279838387119277", "0.029203590571334200112338962815740232347177588238062", "0.02772103180510077143687780832266175858222514727577", "0.026401222799996404109764631531466053523004448854038", "0.025216220428959016937541282468822522909796389745432", "0.024144502028517138319398338244565119238559054596815", "0.023169162666212617211571327453644529974789899193379", "0.022276697748939943038196952818524981557008627182459"], ["-0.0076261088712193997306687178502977901964610799364922", "-0.0080740852936973228042972786319635309912840808596562", "-0.008577949157932215640912914415498427885899162132923", "-0.0091488483311252110569358403478398648732373244041536", "-0.50747556769225187552055461927376379806692738783877", "-0.010553429342925881049404318622013688135175106954433", "-0.011430742113063841924988840806235360603332932830284", "-0.012466976584975941232796364031817846369556349444696", "-0.013709555069249749369145047157686453457002480714568", "-0.015226818547651269290776211534878189579736487268089", "-0.017120964550511384789772501112294733017070522645177", "-0.019551913407040166876381904715167745268417113327011", "-0.022784590413068886699796942803787265808086984149606", "-0.027291493924280291383580803406874661497574583167184", "-0.03400342634495867369640949323597511134954505032125", "-0.045032278664587617719707113526730648370509147677218", "-0.066324000338887050444953521674291941965573827359348", "-0.12117089445690195995284582764553070292538413843271", "0.027670868197536461794289648384298407751441655041831", "0.1566670624980497606418070609434836370046906760531", "0.098167019599854095973722025928241170039203266842715", "0.074714080873028513244522847267905444065645115624745", "0.061934365165589314844678060395561473918656491354654", "0.053705671307870713299596704495906703711501978403996", "0.047853051641778601191924284859532677175253110718406", "0.043411795399062004684513499417453792091394577831445", "0.03988682258336769268085205279246017341558133986556", "0.036996452272577272899738748366728102823436903370074", "0.034567605408667496988195430974629217952849011001231", "0.032487409571437950157539969874232358245961415580214", "0.030678684375274946695772609091262543778732007955071", "0.029086582921257289307019054569717374265760794375026", "0.027670868197536461794289648384298407751441655041831", "0.026401222799996404109764631531466053523004448854038", "0.025254280373838549965276144197645285375618933896847", "0.024211679149997708446039300608531123356984325761042", "0.023258746063941979103669852604973883007953813169541"], ["-0.0082115729655606959944158380046409697842038853400803", "-0.0086939213060044623655740386294760702772568373833503", "-0.0092364425529301041104100491510035146356578104067595", "-0.0098511388370255460531700794849267765042062156792931", "-0.010553429342925881049404318622013688135175106954433", "-0.5831641575706778454283185598177449374649258637955", "-0.012308054883201802800573362990457033071490758706136", "-0.013423750206000971324492386736719925486746970689828", "-0.014761596978024372142391956669577375230944938634613", "-0.016395165848832616351119184763094314940876832346504", "-0.018434471592028485537846137610350941993449605783326", "-0.02105166075105921451421150239736008812395744772244", "-0.024531899137375030364138746258326348332788680891774", "-0.029383751996949592675352864004982283167874517693778", "-0.03660898156740676176829895708197082504003059958423", "-0.048480163596753791386737393017202344394042551749497", "-0.071394052247610793117276176497226328677428256487067", "-0.13038901654973329986146595339749045415790155772256", "0.030611198777572026628419953538630107435027559810774", "0.16861138334383373504832215948387630308610966055363", "0.10541504952937276110859711556492482725082849176252", "0.080043300261525662887893295136025389828196379535944", "0.066198353077854914603153494455418836392411291255188", "0.057275621344026079652318983558013392147428483146131", "0.050927076956763047625678421884877222717907227438029", "0.046110056636161398971209390319427166102723062070739", "0.042288739341762624763245213336006547775141170666512", "0.039157810527827416261063433229852729685191994748461", "0.036529389528301991685482376609265866043632668303651", "0.034280777859536443124495981894909276845175437352491", "0.032327968924002979805579686199793593055288292551451", "0.030611198777572026628419953538630107435027559810774", "0.029086582921257289307019054569717374265760794375026", "0.02772103180510077143687780832266175858222514727577", "0.026489028984761461379575470501771456875991142202064", "0.025370516099761828095887421249549283740056306851558", "0.024349461399647393947317406515521869173861197689669"], ["-0.0088943199518342137954420921689436469987516975677562", "-0.0094167480214439304525739035016722628361036216479074", "-0.010004345635498028782950877610866894244616047481604", "-0.010670110852417631635637840653436862026634396688241", "-0.011430742113063841924988840806235360603332932830284", "-0.012308054883201802800573362990457033071490758706136", "-0.66519753082011098191424230739814939234991649290207", "-0.014539445528800139848411410482982817902003182673521", "-0.015988368025435656813301253509137546310672028598851", "-0.017757536170709554201301125353973408897338856893293", "-0.019966075769235156222164331265324419223939317552623", "-0.022800381924630696856939130278740699134450785525701", "-0.02656920651307056829139964346963790087633833458938", "-0.031823137298913562657464221292771604610215054692013", "-0.039646597402932381639264656343410049036098079693992", "-0.052499286787148456785200063020174045652103862087648", "-0.07730265198405169214894645784790325823802200626516", "-0.14112364942850889050336527979812985607484799399678", "0.03418780324930317908083606324938736914390408635385", "0.18252826320745185334439104582805579048284815434285", "0.11382384270169951567353786403316638870242272393886", "0.086200057271174160600457739011124218021508855418749", "0.071105003575420959440886423045786078233905169377771", "0.061368778769157131561312651002041064219129615019794", "0.054440139836761094871581298822395792483984893334927", "0.049184694084548935906566377335736860796102736848469", "0.045018579053010846141436142152329726817472767135145", "0.041608566023590712406855661621296051721224506817728", "0.038749273365188527798484910227435088730683733167732", "0.036306379283133758164716388194273029450247880659388", "0.03418780324930317908083606324938736914390408635385", "0.032327968924002979805579686199793593055288292551451", "0.030678684375274946695772609091262543778732007955071", "0.029203590571334200112338962815740232347177588238062", "0.027874639122903006528866500269351045802686924377357", "0.026669777168139884333696413809549501561144136698375", "0.025571378609075700505580432165721165915372929569529"], ["-0.0097007664628293460887234233566635285563590525828654", "-0.010270530939336632018546821331890688680420215152176", "-0.010911365614158450996042984185290078976093474519987", "-0.011637444521513258688831233110823350995476593184561", "-0.012466976584975941232796364031817846369556349444696", "-0.013423750206000971324492386736719925486746970689828", "-0.014539445528800139848411410482982817902003182673521", "-0.75476459306219795176310982379930527319859518260284", "-0.017437290522071173778191096535292274719340874524181", "-0.019366581491664261377745982789468704395006694003179", "-0.021774952516046828346748638192771619664584695845657", "-0.024865616023588336109071060227680169442562686238747", "-0.028975158709924653979997290066968917471205364972552", "-0.034703752593932466458973023094403069061583700028428", "-0.043233333384951273323672262894899653483825922125488", "-0.057244266944441996402298644587322949120866447014414", "-0.084276341590190753515672574221783307164246319997565", "-0.15378206981847976556886066672964455989213247512911", "0.038617553138221662619858560861421022511713838083611", "0.19895057226880618611045791718730900784825243242754", "0.12369794179635333532907242361133171228737856290904", "0.093395736042600896346805535403560434873188286711054", "0.076814633515702366060172945281037337976299059514524", "0.066113042787779461024420404844855056851700414875626", "0.058497762505323520443345575840359240153748897806012", "0.052724924063068329004065143325665731834886399044135", "0.048153211925737740140901802817346176539550448704022", "0.04441596660121025501961901522650999520238589129229", "0.041286831407759416734051401689835941427478348207792", "0.038617553138221662619858560861421022511713838083611", "0.036306379283133758164716388194273029450247880659388", "0.034280777859536443124495981894909276845175437352491", "0.032487409571437950157539969874232358245961415580214", "0.030886015036723982418521669481075734279838387119277", "0.029445531147040160098395311778696744458416187601463", "0.028141535121602028054485978962854227256256540961657", "0.02695451047589900534537325432602130328838589895722"], ["-0.01066783197023457454990688250399212182673178032553", "-0.011294353736870137984210289218090915257408880776748", "-0.011999019765477238126401002910290444933301374520686", "-0.012797413721624841706703205795717135740249449452485", "-0.013709555069249749369145047157686453457002480714568", "-0.014761596978024372142391956669577375230944938634613", "-0.015988368025435656813301253509137546310672028598851", "-0.017437290522071173778191096535292274719340874524181", "-0.8534311177385629216504215837036756917353831617873", "-0.021295872461257348977300869043645134070672513482176", "-0.023943783513034655631027409021511292137206606506395", "-0.027341724524094056886031048125142801016969956810268", "-0.031859625756888024030448838449888078159171487584645", "-0.038157045008304724995129408406225227930032265129277", "-0.047532673862097956581252457288167549944573430059039", "-0.062930977861923542491456865737613045463941528798733", "-0.092631222973705700982857758932594686219859500681738", "-0.16893148974030294243449061897346148046688709741854", "0.04422303750425094625966352660109235223481930934439", "0.21862219615888594610033510025300003353621546033225", "0.13545921115622204442134438362355037787127184936181", "0.1019213534706525940487283532450106433033828375753", "0.083546913804114761762913233982203738883130483374432", "0.071683065008436170011261171603531545623103167502279", "0.063243703319535688832191617863837459833317008576649", "0.056852113156311829167727275082192673396899768077565", "0.051797128728393790914184741670270534942822188883367", "0.047671401186646119693187968477131167303529405282631", "0.04422303750425094625966352660109235223481930934439", "0.041286831407759416734051401689835941427478348207792", "0.038749273365188527798484910227435088730683733167732", "0.036529389528301991685482376609265866043632668303651", "0.034567605408667496988195430974629217952849011001231", "0.032818947259075788666390180121730454639805557585015", "0.03124871659585213447826401979077324519602222845245", "0.029829639775071405900140685462785579181278667461132", "0.028539931940112226028357695428211073931518998010127"], ["-0.011848725358125993930728436563953567631614084009602", "-0.012544543577418539358346611696285192609066834864927", "-0.013327141579160111105100983786483971952925822943756", "-0.014213823511563592918469483003705135461986626790767", "-0.015226818547651269290776211534878189579736487268089", "-0.016395165848832616351119184763094314940876832346504", "-0.017757536170709554201301125353973408897338856893293", "-0.019366581491664261377745982789468704395006694003179", "-0.021295872461257348977300869043645134070672513482176", "-0.96332103179946100001143715021876267325734267001864", "-0.026591694564811962284753948999377450203740699530614", "-0.030364650555512410840396137665891634490118678474314", "-0.035380876855431582381498161585302392855337812285468", "-0.042372338145066568999586543246870251394872203041053", "-0.052780034142266078102042774937072033119353613374411", "-0.069870162095367908077149531853274364029486364684826", "-0.10282198733262689412650874320244462224117192742453", "-0.18738594190018364161663933771468852376641392041059", "0.051502916389307423508215126117174295157651734102898", "0.24261400302090027560809869718266455029690425771369", "0.14970967330326562563940304295693178804781224598399", "0.11218945563164508930089745510239862475122078349676", "0.091611743516835693358314318830345959879576867748017", "0.078324417684842849939015603078329879886944287572598", "0.068879675038255224686157783657669632760249643380571", "0.061736362257409902801791534090057536363623035675049", "0.056096717033667387378389777594618515473027759610751", "0.051502916389307423508215126117174295157651734102898", "0.047671401186646119693187968477131167303529405282631", "0.04441596660121025501961901522650999520238589129229", "0.041608566023590712406855661621296051721224506817728", "0.039157810527827416261063433229852729685191994748461", "0.036996452272577272899738748366728102823436903370074", "0.035073731414089669401543973836954437502742143879482", "0.033350500158136513816486615344149980366690018129835", "0.031796005630314819549273052943802145075584482112798", "0.030385702473496284361900605223465007561229794732065"], ["-0.013323022278794590766130987807495955888826745561703", "-0.014105338131573364127947426952184332341808375383337", "-0.014985210702366592502557604438095656734277682517113", "-0.015982090804884788542224406717372608996522922896459", "-0.017120964550511384789772501112294733017070522645177", "-0.018434471592028485537846137610350941993449605783326", "-0.019966075769235156222164331265324419223939317552623", "-0.021774952516046828346748638192771619664584695845657", "-0.023943783513034655631027409021511292137206606506395", "-0.026591694564811962284753948999377450203740699530614", "-1.0874230246813382591289186165123672290207662495243", "-0.034137606546212859396038326332405818776496657418014", "-0.039775468000741392429870267878264864181136368662894", "-0.047632552671818104571197407996034518458582704211199", "-0.059327119036629607056364981421495678848256841835361", "-0.078525855601479097235628648424053746794635497715668", "-0.11552703612726271610013454223628915091407713207352", "-0.21035654866237959580690867895973296284679580910773", "0.061264742758572346732336260506743263327825788307087", "0.27252574719709052426286010231400255035253147518528", "0.16733981009007338443181874215256271187296754053545", "0.12480592383132300308141121911165099520167182740834", "0.10146203002363966466190334114948957738651999835457", "0.086394887857893220110074799391999674509304671195922", "0.075699058581331452326937193133172995829106096445656", "0.067624899378891360474227899629353202134780618022093", "0.061264742758572346732336260506743263327825788307087", "0.056096717033667387378389777594618515473027759610751", "0.051797128728393790914184741670270534942822188883367", "0.048153211925737740140901802817346176539550448704022", "0.045018579053010846141436142152329726817472767135145", "0.042288739341762624763245213336006547775141170666512", "0.03988682258336769268085205279246017341558133986556", "0.037754836891433218605296057438534084794328354462529", "0.035848091604926033654038305525130289973791298032353", "0.034131513638119890822634133021529328886757489378534", "0.032577140821123524617541165001266640552190198357552"], ["-0.015215257212196251550668018582487761605887646639549", "-0.016108564973037313654756516890206480985277203586804", "-0.01711325468501617771294435131524123029452423528388", "-0.018251530272550797398951146669251760219019639711654", "-0.019551913407040166876381904715167745268417113327011", "-0.02105166075105921451421150239736008812395744772244", "-0.022800381924630696856939130278740699134450785525701", "-0.024865616023588336109071060227680169442562686238747", "-0.027341724524094056886031048125142801016969956810268", "-0.030364650555512410840396137665891634490118678474314", "-0.034137606546212859396038326332405818776496657418014", "-1.2301434991427997758487205001926894336690267045235", "-0.045413329455269925463702209424123909585776079907775", "-0.054380025734620727158776948827848868299625727607791", "-0.06772362320010185627647386645119229887217690330781", "-0.089622917865295656695526228946965728799170207790082", "-0.13180492204347268744095378541706581734159322700462", "-0.23972637234840738520872040439762082019184566772268", "0.074893649802113090464961201483764560771300423410673", "0.31085866641500344722022240589480359649365999176069", "0.18972618971632741152380286087311477083401911808583", "0.14070027686907658932915617365605667659948867589097", "0.11378926971180807593989803819329824976497605797026", "0.096439262391568726735584226535700132283121448580416", "0.084148032821911783997935310015140596952614000589015", "0.074893649802113090464961201483764560771300423410673", "0.067624899378891360474227899629353202134780618022093", "0.061736362257409902801791534090057536363623035675049", "0.056852113156311829167727275082192673396899768077565", "0.052724924063068329004065143325665731834886399044135", "0.049184694084548935906566377335736860796102736848469", "0.046110056636161398971209390319427166102723062070739", "0.043411795399062004684513499417453792091394577831445", "0.041022675229508040332629438519031353138456764093463", "0.038890948046279898569259028649370990354238600443239", "0.036976060312467088748412152161276626706059745495057", "0.035245730715816979978084344654613538925337672588575"], ["-0.017731763232452391043420867819290773937545016078568", "-0.018772634471422096546478852575108065403504374161438", "-0.01994326216204155248802013712612949822364941974627", "-0.021269507959519589406145709197570887926437021955667", "-0.022784590413068886699796942803787265808086984149606", "-0.024531899137375030364138746258326348332788680891774", "-0.02656920651307056829139964346963790087633833458938", "-0.028975158709924653979997290066968917471205364972552", "-0.031859625756888024030448838449888078159171487584645", "-0.035380876855431582381498161585302392855337812285468", "-0.039775468000741392429870267878264864181136368662894", "-0.045413329455269925463702209424123909585776079907775", "-1.3983882447026636397403396057038440612393180193959", "-0.063346722013971528853851688231573827013475375307807", "-0.078878770072517821682859694964726493515377315007827", "-0.10435944733530423377280090212124633520363491708418", "-0.15340282019052337793526667941530129428054751377883", "-0.27858898092703487715772404339232020231305958528567", "0.094944813011676926453071769968412639164146507297081", "0.36175466582504250046078306522607895450500800199904", "0.21911862961277707864724099466026960588649351783504", "0.1613795664606706465283626606649656306200736487575", "0.12970952962851587608025806295504046570005127175806", "0.10933495255946314966279208435022959063483940571571", "0.094944813011676926453071769968412639164146507297081", "0.084148032821911783997935310015140596952614000589015", "0.075699058581331452326937193133172995829106096445656", "0.068879675038255224686157783657669632760249643380571", "0.063243703319535688832191617863837459833317008576649", "0.058497762505323520443345575840359240153748897806012", "0.054440139836761094871581298822395792483984893334927", "0.050927076956763047625678421884877222717907227438029", "0.047853051641778601191924284859532677175253110718406", "0.045138675452592705370549993182991127553896423331617", "0.042722960659986708752575448561802576715148358641012", "0.040558207693673045888069298317163606544835216164746", "0.038606524889612267704825451074560932613300745609256"], ["-0.021240606215646170874992469389466393404924274480817", "-0.022487141766634549238759922213146878871001957590302", "-0.023889031239489732157641187226624437204542688433682", "-0.025477229364964783350916307100971181835140857290881", "-0.027291493924280291383580803406874661497574583167184", "-0.029383751996949592675352864004982283167874517693778", "-0.031823137298913562657464221292771604610215054692013", "-0.034703752593932466458973023094403069061583700028428", "-0.038157045008304724995129408406225227930032265129277", "-0.042372338145066568999586543246870251394872203041053", "-0.047632552671818104571197407996034518458582704211199", "-0.054380025734620727158776948827848868299625727607791", "-0.063346722013971528853851688231573827013475375307807", "-1.6039145223563228997119130488815852304049727843569", "-0.094410818131064114511867701697879160017279254707847", "-0.12486580999597058623227550906608258929871468797237", "-0.18342151958270732762907167647654378336957155993584", "-0.33239954565530071423369213218250679613795563778013", "0.12660312001680661751445646160840993239967088381806", "0.43260489713154483867988885746902108475808856488352", "0.25947082270231259400453994935910438201506050256973", "0.18947035252000091845113945427703306282426727676567", "0.15116022425545892107293692419799760933488756587649", "0.12660312001680661751445646160840993239967088381806", "0.10933495255946314966279208435022959063483940571571", "0.096439262391568726735584226535700132283121448580416", "0.086394887857893220110074799391999674509304671195922", "0.078324417684842849939015603078329879886944287572598", "0.071683065008436170011261171603531545623103167502279", "0.066113042787779461024420404844855056851700414875626", "0.061368778769157131561312651002041064219129615019794", "0.057275621344026079652318983558013392147428483146131", "0.053705671307870713299596704495906703711501978403996", "0.050562945325920917081770077253719375282265013263588", "0.047773897930175196257643407456725262606987584067146", "0.045281159044020526558156615887560762615667515777134", "0.043039274754985476250854891913958096075334489996955"], ["-0.026467049923890309706197843125781591020092487354177", "-0.028019732256206054259768212942741669728407903522421", "-0.029765846813787597353826730099228997438937402289862", "-0.031743919252791995274639161155235543488062529783333", "-0.03400342634495867369640949323597511134954505032125", "-0.03660898156740676176829895708197082504003059958423", "-0.039646597402932381639264656343410049036098079693992", "-0.043233333384951273323672262894899653483825922125488", "-0.047532673862097956581252457288167549944573430059039", "-0.052780034142266078102042774937072033119353613374411", "-0.059327119036629607056364981421495678848256841835361", "-0.06772362320010185627647386645119229887217690330781", "-0.078878770072517821682859694964726493515377315007827", "-0.094410818131064114511867701697879160017279254707847", "-1.8692289403200495932097112883269844608133927153239", "-0.1553208018608770579526833164342860185801501212369", "-0.22792687030852893418767366386587609504571771254983", "-0.41172912149671291414096694234404934151151443213756", "0.18185660455377430052103750243498220550390841844953", "0.53800804018406662931824016930240113371316212880179", "0.31845109617454204542394122453526830568711712878266", "0.2300248054701530660172833337020205232302024955476", "0.18185660455377430052103750243498220550390841844953", "0.15116022425545892107293692419799760933488756587649", "0.12970952962851587608025806295504046570005127175806", "0.11378926971180807593989803819329824976497605797026", "0.10146203002363966466190334114948957738651999835457", "0.091611743516835693358314318830345959879576867748017", "0.083546913804114761762913233982203738883130483374432", "0.076814633515702366060172945281037337976299059514524", "0.071105003575420959440886423045786078233905169377771", "0.066198353077854914603153494455418836392411291255188", "0.061934365165589314844678060395561473918656491354654", "0.058193143402604339797224697198540350824346290525243", "0.054883133733237161796118962914455483738200926005896", "0.051933157957119795180538726248772187502950695324038", "0.049287006249805912194615009805405244079544205665355"], ["-0.035057300053022759589296874679681886190762996279691", "-0.037112665799396840237833577477851980360675204787741", "-0.039423920278948325092200313663464152911338380670404", "-0.042041992803465750497809507428489749745736495737796", "-0.045032278664587617719707113526730648370509147677218", "-0.048480163596753791386737393017202344394042551749497", "-0.052499286787148456785200063020174045652103862087648", "-0.057244266944441996402298644587322949120866447014414", "-0.062930977861923542491456865737613045463941528798733", "-0.069870162095367908077149531853274364029486364684826", "-0.078525855601479097235628648424053746794635497715668", "-0.089622917865295656695526228946965728799170207790082", "-0.10435944733530423377280090212124633520363491708418", "-0.12486580999597058623227550906608258929871468797237", "-0.1553208018608770579526833164342860185801501212369", "-2.2456708159674191288693970648473947573328414885353", "-0.30053293875618081042266401129746617151128530386277", "-0.53993328131463084223510875529893100297719658758789", "0.29424907335865808667894444205807161353192793167834", "0.71134025069530255113597104073657292178649019131146", "0.41320547578162586609926613272917917054057057878657", "0.29424907335865808667894444205807161353192793167834", "0.2300248054701530660172833337020205232302024955476", "0.18947035252000091845113945427703306282426727676567", "0.1613795664606706465283626606649656306200736487575", "0.14070027686907658932915617365605667659948867589097", "0.12480592383132300308141121911165099520167182740834", "0.11218945563164508930089745510239862475122078349676", "0.1019213534706525940487283532450106433033828375753", "0.093395736042600896346805535403560434873188286711054", "0.086200057271174160600457739011124218021508855418749", "0.080043300261525662887893295136025389828196379535944", "0.074714080873028513244522847267905444065645115624745", "0.070055029250575528561108475733697371346818313400917", "0.065946498764506331256582240774915562807587823229201", "0.062295855948019637837199828382925097807105736152085", "0.059030235207457482201629215816819113730005840279747"], ["-0.051649527471970137766382320718293404023295640503634", "-0.054674017329849104916822273065826259770715878059409", "-0.058074564455893502615804863494464297097048875184144", "-0.061925911722905370492029084649180243727701788670487", "-0.066324000338887050444953521674291941965573827359348", "-0.071394052247610793117276176497226328677428256487067", "-0.07730265198405169214894645784790325823802200626516", "-0.084276341590190753515672574221783307164246319997565", "-0.092631222973705700982857758932594686219859500681738", "-0.10282198733262689412650874320244462224117192742453", "-0.11552703612726271610013454223628915091407713207352", "-0.13180492204347268744095378541706581734159322700462", "-0.15340282019052337793526667941530129428054751377883", "-0.18342151958270732762907167647654378336957155993584", "-0.22792687030852893418767366386587609504571771254983", "-0.30053293875618081042266401129746617151128530386277", "-2.8885854847253417257352697308785604764721465294585", "-0.779333623873080874047553499300395834443107871313", "0.5916400794160775352297486687358405060535345494489", "1.0486313138457970049888493914145859528857486897029", "0.5916400794160775352297486687358405060535345494489", "0.41320547578162586609926613272917917054057057878657", "0.31845109617454204542394122453526830568711712878266", "0.25947082270231259400453994935910438201506050256973", "0.21911862961277707864724099466026960588649351783504", "0.18972618971632741152380286087311477083401911808583", "0.16733981009007338443181874215256271187296754053545", "0.14970967330326562563940304295693178804781224598399", "0.13545921115622204442134438362355037787127184936181", "0.12369794179635333532907242361133171228737856290904", "0.11382384270169951567353786403316638870242272393886", "0.10541504952937276110859711556492482725082849176252", "0.098167019599854095973722025928241170039203266842715", "0.091854321486267077913095092617883462103177349710546", "0.086306467515655616905429254778936770269747441400977", "0.081392108300872293008771609418735164613336843521288", "0.077008393905639396832843877172533377992070397486874"], ["-0.094454474319094298724098272399593546989166948198303", "-0.099965242738801090487492974705486858187740377637759", "-0.1061585017503726607112547725481930662534528082594", "-0.1131693197336321921745665428385527859216593660021", "-0.12117089445690195995284582764553070292538413843271", "-0.13038901654973329986146595339749045415790155772256", "-0.14112364942850889050336527979812985607484799399678", "-0.15378206981847976556886066672964455989213247512911", "-0.16893148974030294243449061897346148046688709741854", "-0.18738594190018364161663933771468852376641392041059", "-0.21035654866237959580690867895973296284679580910773", "-0.23972637234840738520872040439762082019184566772268", "-0.27858898092703487715772404339232020231305958528567", "-0.33239954565530071423369213218250679613795563778013", "-0.41172912149671291414096694234404934151151443213756", "-0.53993328131463084223510875529893100297719658758789", "-0.779333623873080874047553499300395834443107871313", "-4.5357768323288415669537257877961203245099982222879", "1.9626137827052359445070508367720768465501769702108", "1.9626137827052359445070508367720768465501769702108", "1.0486313138457970049888493914145859528857486897029", "0.71134025069530255113597104073657292178649019131146", "0.53800804018406662931824016930240113371316212880179", "0.43260489713154483867988885746902108475808856488352", "0.36175466582504250046078306522607895450500800199904", "0.31085866641500344722022240589480359649365999176069", "0.27252574719709052426286010231400255035253147518528", "0.24261400302090027560809869718266455029690425771369", "0.21862219615888594610033510025300003353621546033225", "0.19895057226880618611045791718730900784825243242754", "0.18252826320745185334439104582805579048284815434285", "0.16861138334383373504832215948387630308610966055363", "0.1566670624980497606418070609434836370046906760531", "0.14630356807122632491063562961277591813732017602452", "0.13722647289146364578501647560713280584109187156062", "0.12921020453275858006745633768090910900536154990097", "0.12207902642030888477391742330268754706760609584476"], ["0.019827095515590714788743344776610363763018825046648", "0.021362935228495205688656661263781595032137113412157", "0.023139766028102877114889328034323803296774052894987", "0.025216220428959016937541282468822522909796389745432", "0.027670868197536461794289648384298407751441655041831", "0.030611198777572026628419953538630107435027559810774", "0.03418780324930317908083606324938736914390408635385", "0.038617553138221662619858560861421022511713838083611", "0.04422303750425094625966352660109235223481930934439", "0.051502916389307423508215126117174295157651734102898", "0.061264742758572346732336260506743263327825788307087", "0.074893649802113090464961201483764560771300423410673", "0.094944813011676926453071769968412639164146507297081", "0.12660312001680661751445646160840993239967088381806", "0.18185660455377430052103750243498220550390841844953", "0.29424907335865808667894444205807161353192793167834", "0.5916400794160775352297486687358405060535345494489", "1.9626137827052359445070508367720768465501769702108", "8.7829776831707621784537836882852683928747075187865", "1.9626137827052359445070508367720768465501769702108", "0.5916400794160775352297486687358405060535345494489", "0.29424907335865808667894444205807161353192793167834", "0.18185660455377430052103750243498220550390841844953", "0.12660312001680661751445646160840993239967088381806", "0.094944813011676926453071769968412639164146507297081", "0.074893649802113090464961201483764560771300423410673", "0.061264742758572346732336260506743263327825788307087", "0.051502916389307423508215126117174295157651734102898", "0.04422303750425094625966352660109235223481930934439", "0.038617553138221662619858560861421022511713838083611", "0.03418780324930317908083606324938736914390408635385", "0.030611198777572026628419953538630107435027559810774", "0.027670868197536461794289648384298407751441655041831",