{"Larch": [["-0.2673048107551260630442307510019038442130980089272", "-0.0054798173131387690876328068415137169365757304525611", "-0.0058706682258076442433725259992937202210743189864053", "-0.0063215207965074950095085082141900913054834626846135", "-0.0068473300015686287659262497189640162595195764198436", "-0.007468466476761865440848241128951667016652965181378", "-0.0082134092700323489640914377243498757936222156756872", "-0.0091232204004469662168166027040980206077730081499504", "-0.010259344755535854279098804102223798355831989263257", "-0.011718019084956559574582678563439573435961228454935", "-0.013658875796790904313198909070457237955519558711105", "-0.016367178570514199662586154029216845916035473733874", "-0.020406688259406559931565031249239846707397487904571", "-0.027064102887082956036087374592478226902303615750442", "-0.040011709787280193788354307749135032699467805786123", "-0.074462954546554979549275312697466608291938278910693", "0.02076678641944277326806304426945320253113174083051", "0.10479302844826431987159688865202950619854646413157", "0.06803895013578285875638765139502182993270916597678", "0.053493184366013009107744909806564180564534879543793", "0.045470871226752373187839889580669032074249278071558", "0.040217910937991663850784052902089894574885996078521", "0.036414814699548990350454841242139766388700513349426", "0.033478232051599033945620066247541680083472467942206", "0.031108830144435649117116993726678869493452984195099", "0.029135988329011900323829345422047545010025070545039", "0.027454523886244724552406386268023143682998038485786", "0.025995536955776965621565134158046696891832612314193", "0.024711660193872973558632943410655662358367643294846", "0.023569025096954869986432515216036991548712623952764", "0.022542616729126134435492082287369664047945478151638", "0.021613451055977661731150007208516651546219078613835", "0.02076678641944277326806304426945320253113174083051"], ["-0.0054798173131387690876328068415137169365757304525611", "-0.33256007935774333320093229609340264043539548336142", "-0.0062615191384765193991122451570737235055729075202495", "-0.0067423725381918579704463589005282784899373288006396", "-0.0073031675643785819920240640114474493671675250756044", "-0.0079656287676676395291520997008111545366722738635822", "-0.0087601276614110649393831639009171075650315127203124", "-0.0097304542483316657383472353478620712196392210995153", "-0.010942134390164009306451089425182381415725740521927", "-0.012497794306433783385451412528680305498384415705231", "-0.014567660072752252671595142651450962513179984073165", "-0.017455914696251742720081488747987158813981448062006", "-0.021763676527249086371922506195396767595654011309299", "-0.028862793351578304948458588571725269399447606191933", "-0.042668009208367995688409807818952056988921042350243", "-0.079390321491798994582249777401463243388749889514846", "0.022516560001614876091776101010184330495645572249381", "0.11168508130835201293154874462037595764449160129308", "0.072363583515131189806035913644229803277961218707917", "0.056769462237076996785265894064790730425707691210257", "0.048152486413062433307601610444994439916924278520196", "0.042502797350548185497704895889270075150459082405075", "0.038409797176343645561792348293742313213713667816187", "0.035249052477268934083495196842498743584383749687422", "0.032699640903460623821671332881817677599106406571084", "0.030578313564101511549306935099695930924466770586605", "0.02877189753422006429800795399240461810778098924332", "0.027206127504581416956534285734952866654463702420606", "0.025829863064503038101087230457032306035958138618824", "0.024606483754458214239077705289520945423187208038669", "0.023508907558169751798358457774572539254308278448334", "0.022516560001614876091776101010184330495645572249381", "0.021613451055977661731150007208516651546219078613835"], ["-0.0058706682258076442433725259992937202210743189864053", "-0.0062615191384765193991122451570737235055729075202495", "-0.40242840246794897732029209338314543440130013844526", "-0.0072232259379071965417804726439828334743017500810297", "-0.0078239917773296132884799734386343122979648338532819", "-0.0085336653107313462391653845487236315470387293113597", "-0.0093847797921447013244508935868779535798961640203281", "-0.010424241270302695006194233386019740762452483815368", "-0.011722236932111924291007563469867157734084546022207", "-0.013388690758999106812071293581766960068786059731657", "-0.01560592768953671933065550483824811738913086864228", "-0.018699736424893434200189182480310873848249063677756", "-0.023313892266126343069203532299229072004662121688204", "-0.030917454643678467271126437973057228117072578798449", "-0.045701883380858952045851271374108584779200053586076", "-0.085015613980516108057875741420262437225917349668276", "0.024572137083049975769696697164988477210018320804355", "0.11954818800480724842025947727220593638782923521397", "0.077277652430981671631357673569311273701932101597178", "0.060477167023874262443170490489606286539312432312052", "0.05117548672148126401353015797844267121817412218911", "0.045069340323654748913326850681182906658671292401144", "0.040643362992084653809837577966283115049677996583009", "0.037225746363733003296952694080573622969619780983026", "0.034470602723548675786252404610858195831137284484326", "0.032180045420735338981846899458685915899685887026034", "0.030231623228915755285387962290299549008337401608469", "0.028544833370303734410760146970633930260865166818241", "0.027064146995386867235710287211420999479863178854942", "0.025749743120863204373825481231987414642770916022332", "0.024572137083049975769696697164988477210018320804355", "0.023508907558169751798358457774572539254308278448334", "0.022542616729126134435492082287369664047945478151638"], ["-0.0063215207965074950095085082141900913054834626846135", "-0.0067423725381918579704463589005282784899373288006396", "-0.0072232259379071965417804726439828334743017500810297", "-0.47762106008977576362953491228702431080382319802853", "-0.008424757616752030035179474233285791121627917625534", "-0.0091888849971434210878578405010940305834072189265247", "-0.010105297743557202918674367234509660281760968666761", "-0.011224495103401569622297673571528967584490167248953", "-0.012622039130952869840852981635044022586041105210442", "-0.014416268229181091857119763738064314501200111340095", "-0.016803456511198079729066223723143157948392171293887", "-0.020134300235766713907490271209851878894992477877347", "-0.025101744080372914905583872260923098508035496311223", "-0.033286877514255594344061034505964667581349661670191", "-0.049199943148400020728039525804120016716008990268353", "-0.091498312984066850684217013818285737538551982967213", "0.027017934238508219793656479457986270339581403180154", "0.12860328900071542306040518798050513423512430559218", "0.082911044322240929509566883316864214180347691709058", "0.064708441583985603629729925685455606540163318711619", "0.054610705113209996987371959779761818553025644087353", "0.047974482893741523660832813088136558888280905872376", "0.0431626571462947511967648437878760597088348253548", "0.039448194978815013288889352416801445791815857536228", "0.0364560231359989554209206368610887210361581908922", "0.033971103209764545142011780008807222689412597803628", "0.031860094931821101017003981200485739551060842986273", "0.030035169174812523200449339454576295416497121689044", "0.028435641912718629786809917605637152798029776012381", "0.027017934238508219793656479457986270339581403180154", "0.025749743120863204373825481231987414642770916022332", "0.024606483754458214239077705289520945423187208038669", "0.023569025096954869986432515216036991548712623952764"], ["-0.0068473300015686287659262497189640162595195764198436", "-0.0073031675643785819920240640114474493671675250756044", "-0.0078239917773296132884799734386343122979648338532819", "-0.008424757616752030035179474233285791121627917625534", "-0.55903003635500186328354503195881144055541684638576", "-0.0099530123775348121405362067689022700451865202275153", "-0.010945567806959789360421813735121594861827494187374", "-0.012157740932284749484670406684276693072110917123426", "-0.013671359509503079792271358485483580452144402106669", "-0.015614570351666904221507821639020019177114550083008", "-0.018199906326939088011380681971452719086186213571946", "-0.021807092038483097317820385063647034291187415056178", "-0.027186367388325525514384422014377761931336443646934", "-0.036049335280644879267270096758484542743540966564042", "-0.053277461701564819797325530961203439275447097532634", "-0.099050454381095470743220426507831187212817807089184", "0.029971491893113240612726142265592275461348846580628", "0.13914390797128984252929631584310443618564370737816", "0.089435030175026140905620194570446357416203092375815", "0.069583988197368112540723885680038366384282734467429", "0.058550421533832623676281424405577294157691491694409", "0.051292085276711732701774712342337873594746130784018", "0.046028624633130683487428417011273940310527199964819", "0.041967824062792226095419290661542879313576056228953", "0.038700062173636504693725642415807446644047496318087", "0.035989953725312953483782792115573556680414527109778", "0.033691224593119879701194138265657172763455786650446", "0.031707339904880547254172331354048560048589514702721", "0.029971491893113240612726142265592275461348846580628", "0.028435641912718629786809917605637152798029776012381", "0.027064146995386867235710287211420999479863178854942", "0.025829863064503038101087230457032306035958138618824", "0.024711660193872973558632943410655662358367643294846"], ["-0.007468466476761865440848241128951667016652965181378", "-0.0079656287676676395291520997008111545366722738635822", "-0.0085336653107313462391653845487236315470387293113597", "-0.0091888849971434210878578405010940305834072189265247", "-0.0099530123775348121405362067689022700451865202275153", "-0.64779578910742803187564021601023067125267618111097", "-0.011938123236384766580307420701340919678468468147233", "-0.013260105209659718156737506641963904585573115571382", "-0.014910808553492502342849742391010683921130362733054", "-0.017029959845199927241750725356549456460096557546881", "-0.019849285116819943185549577011962808894386152240832", "-0.023782771981974478180701081446104494998854230860955", "-0.029648275247009913139219881335159975057929289849708", "-0.039311375643533637658111833007182326830835272356108", "-0.058091289404234820648079900315903569189920495010981", "-0.10796019858145153660348884848172407892958093577535", "0.033600992281353972681204537632364506871033879926823", "0.1515686513336918970851156927274383283715462263453", "0.097080264217530829601478379288857790297848447191456", "0.075265202524146892875099606569248411843530538374211", "0.063117317127923786064069266483875931771216692489204", "0.055119903880102141754419144786790382572241921472239", "0.049321662104346300877308688998343129154980948211427", "0.044852314976143728219639040518789832055729532698756", "0.041260750307908679263949950267634273838217707715224", "0.038287102030455341764998742059797348016694579476643", "0.035769521591722484074609868981588574801962563168444", "0.033600992281353972681204537632364506871033879926823", "0.031707339904880547254172331354048560048589514702721", "0.030035169174812523200449339454576295416497121689044", "0.028544833370303734410760146970633930260865166818241", "0.027206127504581416956534285734952866654463702420606", "0.025995536955776965621565134158046696891832612314193"], ["-0.0082134092700323489640914377243498757936222156756872", "-0.0087601276614110649393831639009171075650315127203124", "-0.0093847797921447013244508935868779535798961640203281", "-0.010105297743557202918674367234509660281760968666761", "-0.010945567806959789360421813735121594861827494187374", "-0.011938123236384766580307420701340919678468468147233", "-0.74541050063503700480931151322482322163964387445612", "-0.01458208718293466973316759258258688949267776299553", "-0.016397151212046370224120903235845566042461310025965", "-0.01872723871480498079556516024161896872063925401343", "-0.021827075586928737336860116089618281198365573264231", "-0.026151701731092420500779813595057210062931383403699", "-0.032599967248780770899038624774129817621172760133454", "-0.04322184027312633352636960619373109928117338724309", "-0.063860435175216077406551460267723900378851998368949", "-0.11862931806423673327273122934621109662414898773403", "0.038154903833127846607355733465735049525984114734228", "0.16643290356733523014560870303914553273972938039008", "0.10616512983869046261662719595470768279587485680301", "0.081973150659572405140900147128524514268299692722015", "0.068478420011088682681524744139962849731908489677521", "0.059590439021201268976734249152665802722289280780204", "0.053150398688141992593409695854573382207071536733843", "0.048192928988645404384341773531738699804800003336756", "0.044216243282591648477519804210355117922478050818694", "0.040930534939236400098962224310383572632229476720005", "0.038154903833127846607355733465735049525984114734228", "0.035769521591722484074609868981588574801962563168444", "0.033691224593119879701194138265657172763455786650446", "0.031860094931821101017003981200485739551060842986273", "0.030231623228915755285387962290299549008337401608469", "0.02877189753422006429800795399240461810778098924332", "0.027454523886244724552406386268023143682998038485786"], ["-0.0091232204004469662168166027040980206077730081499504", "-0.0097304542483316657383472353478620712196392210995153", "-0.010424241270302695006194233386019740762452483815368", "-0.011224495103401569622297673571528967584490167248953", "-0.012157740932284749484670406684276693072110917123426", "-0.013260105209659718156737506641963904585573115571382", "-0.01458208718293466973316759258258688949267776299553", "-0.8538819543661902588176160283354616062870254988811", "-0.018212215241158070715074213889104242592244857056399", "-0.02079981448074013632676394407113500833461999952238", "-0.024242071721593426538090957258628745100261510020465", "-0.029044105368131858192682868848174790205494788505741", "-0.036203543261949991132212831212438403246871759561039", "-0.04799513245482494415856994179558846757925599128435", "-0.070900199174113421359892012794172044791162603422295", "-0.13163522192439949121517668394166412251558289082634", "0.044014569501579237311858325248881931639168767815312", "0.18453440264236222013348633260131877496297009472864", "0.11714214956792911101206308582173446209483418587561", "0.090019420479781328047072458771117131248381147365143", "0.074867689795244325174962616195543598903030509113909", "0.064888476607210978884584380705183852166215498192756", "0.057665897746213770081848181750384066987054823382468", "0.052116367499369159016686108913884049135892363732524", "0.047674968604093196607560239315822294829251922219531", "0.044014569501579237311858325248881931639168767815312", "0.040930534939236400098962224310383572632229476720005", "0.038287102030455341764998742059797348016694579476643", "0.035989953725312953483782792115573556680414527109778", "0.033971103209764545142011780008807222689412597803628", "0.032180045420735338981846899458685915899685887026034", "0.030578313564101511549306935099695930924466770586605", "0.029135988329011900323829345422047545010025070545039"], ["-0.010259344755535854279098804102223798355831989263257", "-0.010942134390164009306451089425182381415725740521927", "-0.011722236932111924291007563469867157734084546022207", "-0.012622039130952869840852981635044022586041105210442", "-0.013671359509503079792271358485483580452144402106669", "-0.014910808553492502342849742391010683921130362733054", "-0.016397151212046370224120903235845566042461310025965", "-0.018212215241158070715074213889104242592244857056399", "-0.97600691167669820807520604002251823809402602604196", "-0.02338741372032220193845367425316577407699514198836", "-0.027256999961811104449599328943390996354269836502498", "-0.032654735410456454018552420501198306076578098988855", "-0.040701375267147971236497485543271943410528485187199", "-0.05395171589755831884726908737688531257665821812994", "-0.079681529829605979800694979278350011824315561149944", "-0.14783850859343397985804846537774410536177403850776", "0.051792917594421400815224892641130203418095470924276", "0.20706180462942003022777083776692133246910508937142", "0.13067758604883782918477681579281833256354209016881", "0.099858660090775818843631247194773619779347147767102", "0.082624348548277858165799018702597585694303456294768", "0.071280837518623982699942734135513705609173987058076", "0.063085762959597472995914067153204660528433371985244", "0.056804939682070974332136797100749935251101511785119", "0.051792917594421400815224892641130203418095470924276", "0.047674968604093196607560239315822294829251922219531", "0.044216243282591648477519804210355117922478050818694", "0.041260750307908679263949950267634273838217707715224", "0.038700062173636504693725642415807446644047496318087", "0.0364560231359989554209206368610887210361581908922", "0.034470602723548675786252404610858195831137284484326", "0.032699640903460623821671332881817677599106406571084", "0.031108830144435649117116993726678869493452984195099"], ["-0.011718019084956559574582678563439573435961228454935", "-0.012497794306433783385451412528680305498384415705231", "-0.013388690758999106812071293581766960068786059731657", "-0.014416268229181091857119763738064314501200111340095", "-0.015614570351666904221507821639020019177114550083008", "-0.017029959845199927241750725356549456460096557546881", "-0.01872723871480498079556516024161896872063925401343", "-0.02079981448074013632676394407113500833461999952238", "-0.02338741372032220193845367425316577407699514198836", "-1.1158562361361945162142931333545422692247807204234", "-0.031126586203300006960744983633616218631544531016636", "-0.037288396255523580058601793625214572076369577489103", "-0.046472695782756561002512089306640666521706266253479", "-0.061592791441867348074472940657815197201573987165335", "-0.090940353051462735373143240283386859373779644982261", "-0.16858035773895260951131426389850716057590385459433", "0.062532964925099058351464687911743914488822701340367", "0.23586795692313780924854890176943222078736761829139", "0.14779591935652227708735798135348323330137956040849", "0.11218326747188562092183973933956755916498137674265", "0.092261781481786954538912899880394254764421510684143", "0.079169858455202831419809101501236995583021414478612", "0.069737545781129755683173124184463924728850949983214", "0.062532964925099058351464687911743914488822701340367", "0.056804939682070974332136797100749935251101511785119", "0.052116367499369159016686108913884049135892363732524", "0.048192928988645404384341773531738699804800003336756", "0.044852314976143728219639040518789832055729532698756", "0.041967824062792226095419290661542879313576056228953", "0.039448194978815013288889352416801445791815857536228", "0.037225746363733003296952694080573622969619780983026", "0.035249052477268934083495196842498743584383749687422", "0.033478232051599033945620066247541680083472467942206"], ["-0.013658875796790904313198909070457237955519558711105", "-0.014567660072752252671595142651450962513179984073165", "-0.01560592768953671933065550483824811738913086864228", "-0.016803456511198079729066223723143157948392171293887", "-0.018199906326939088011380681971452719086186213571946", "-0.019849285116819943185549577011962808894386152240832", "-0.021827075586928737336860116089618281198365573264231", "-0.024242071721593426538090957258628745100261510020465", "-0.027256999961811104449599328943390996354269836502498", "-0.031126586203300006960744983633616218631544531016636", "-1.2797062183363629606189032559983194406075454837896", "-0.04345020630774715315645860361681292552119462396157", "-0.0541457505724848380233956421431528904667871338719", "-0.071748193188056461779048926332548190058250472548234", "-0.10589379476350341747624280444582951955933842347367", "-0.19607111204608313002142811995148534896477571930987", "0.078142890113165569236832966502637270008883906733201", "0.27401003451262892584987659968415342641864078247825", "0.17016123255150006259337085197687066479299507183663", "0.12810658454690624624212693078103242336459536649368", "0.10460061825029565068887868823179530210401811485422", "0.089196807969612180363495836513496378693436500432726", "0.078142890113165569236832966502637270008883906733201", "0.069737545781129755683173124184463924728850949983214", "0.063085762959597472995914067153204660528433371985244", "0.057665897746213770081848181750384066987054823382468", "0.053150398688141992593409695854573382207071536733843", "0.049321662104346300877308688998343129154980948211427", "0.046028624633130683487428417011273940310527199964819", "0.0431626571462947511967648437878760597088348253548", "0.040643362992084653809837577966283115049677996583009", "0.038409797176343645561792348293742313213713667816187", "0.036414814699548990350454841242139766388700513349426"], ["-0.016367178570514199662586154029216845916035473733874", "-0.017455914696251742720081488747987158813981448062006", "-0.018699736424893434200189182480310873848249063677756", "-0.020134300235766713907490271209851878894992477877347", "-0.021807092038483097317820385063647034291187415056178", "-0.023782771981974478180701081446104494998854230860955", "-0.026151701731092420500779813595057210062931383403699", "-0.029044105368131858192682868848174790205494788505741", "-0.032654735410456454018552420501198306076578098988855", "-0.037288396255523580058601793625214572076369577489103", "-0.04345020630774715315645860361681292552119462396157", "-1.4780206893889001047059492453768873296991853955499", "-0.06484129483722252289033268066949285541237964378223", "-0.085897186628211116090344087690415822326778396841567", "-0.12670832424875550558283753805550171757205302331103", "-0.23422633848066712423767049903515345482567099314694", "0.10246150939734811371549128052652730911489961287216", "0.32692007464935827235093246690098115174194668355156", "0.20067715238853537912906077420453974912359359980781", "0.14955118340373792116695012258076309197531911530059", "0.12105070986785596222724949843719621628459730805598", "0.10246150939734811371549128052652730911489961287216", "0.089196807969612180363495836513496378693436500432726", "0.079169858455202831419809101501236995583021414478612", "0.071280837518623982699942734135513705609173987058076", "0.064888476607210978884584380705183852166215498192756", "0.059590439021201268976734249152665802722289280780204", "0.055119903880102141754419144786790382572241921472239", "0.051292085276711732701774712342337873594746130784018", "0.047974482893741523660832813088136558888280905872376", "0.045069340323654748913326850681182906658671292401144", "0.042502797350548185497704895889270075150459082405075", "0.040217910937991663850784052902089894574885996078521"], ["-0.020406688259406559931565031249239846707397487904571", "-0.021763676527249086371922506195396767595654011309299", "-0.023313892266126343069203532299229072004662121688204", "-0.025101744080372914905583872260923098508035496311223", "-0.027186367388325525514384422014377761931336443646934", "-0.029648275247009913139219881335159975057929289849708", "-0.032599967248780770899038624774129817621172760133454", "-0.036203543261949991132212831212438403246871759561039", "-0.040701375267147971236497485543271943410528485187199", "-0.046472695782756561002512089306640666521706266253479", "-0.0541457505724848380233956421431528904667871338719", "-0.06484129483722252289033268066949285541237964378223", "-1.7303055105517604918057488842333271850439694364751", "-0.1069530784191997092903554947113387892411771499009", "-0.15764183895452199692908996674850614865188971307543", "-0.29068801969514865802011642487850709493436873540671", "0.14428721045599077286694728443338524512796018001829", "0.40527234854667443139918549641507595317281194901831", "0.24493022692616169613229301668354518321292247373948", "0.18017868029530369888941909447365679874499036659813", "0.14428721045599077286694728443338524512796018001829", "0.12105070986785596222724949843719621628459730805598", "0.10460061825029565068887868823179530210401811485422", "0.092261781481786954538912899880394254764421510684143", "0.082624348548277858165799018702597585694303456294768", "0.074867689795244325174962616195543598903030509113909", "0.068478420011088682681524744139962849731908489677521", "0.063117317127923786064069266483875931771216692489204", "0.058550421533832623676281424405577294157691491694409", "0.054610705113209996987371959779761818553025644087353", "0.05117548672148126401353015797844267121817412218911", "0.048152486413062433307601610444994439916924278520196", "0.045470871226752373187839889580669032074249278071558"], ["-0.027064102887082956036087374592478226902303615750442", "-0.028862793351578304948458588571725269399447606191933", "-0.030917454643678467271126437973057228117072578798449", "-0.033286877514255594344061034505964667581349661670191", "-0.036049335280644879267270096758484542743540966564042", "-0.039311375643533637658111833007182326830835272356108", "-0.04322184027312633352636960619373109928117338724309", "-0.04799513245482494415856994179558846757925599128435", "-0.05395171589755831884726908737688531257665821812994", "-0.061592791441867348074472940657815197201573987165335", "-0.071748193188056461779048926332548190058250472548234", "-0.085897186628211116090344087690415822326778396841567", "-0.1069530784191997092903554947113387892411771499009", "-2.0796503780954287187319631714692958056655806821666", "-0.20833059948984428456782443878567350806260227624997", "-0.38255549033312313238499691037989108732456358945232", "0.22803397341438760025271485933782273007601828601464", "0.53332870528814296657157074419667963877630922374812", "0.31530688799523397721682271896252197770374239846756", "0.22803397341438760025271485933782273007601828601464", "0.18017868029530369888941909447365679874499036659813", "0.14955118340373792116695012258076309197531911530059", "0.12810658454690624624212693078103242336459536649368", "0.11218326747188562092183973933956755916498137674265", "0.099858660090775818843631247194773619779347147767102", "0.090019420479781328047072458771117131248381147365143", "0.081973150659572405140900147128524514268299692722015", "0.075265202524146892875099606569248411843530538374211", "0.069583988197368112540723885680038366384282734467429", "0.064708441583985603629729925685455606540163318711619", "0.060477167023874262443170490489606286539312432312052", "0.056769462237076996785265894064790730425707691210257", "0.053493184366013009107744909806564180564534879543793"], ["-0.040011709787280193788354307749135032699467805786123", "-0.042668009208367995688409807818952056988921042350243", "-0.045701883380858952045851271374108584779200053586076", "-0.049199943148400020728039525804120016716008990268353", "-0.053277461701564819797325530961203439275447097532634", "-0.058091289404234820648079900315903569189920495010981", "-0.063860435175216077406551460267723900378851998368949", "-0.070900199174113421359892012794172044791162603422295", "-0.079681529829605979800694979278350011824315561149944", "-0.090940353051462735373143240283386859373779644982261", "-0.10589379476350341747624280444582951955933842347367", "-0.12670832424875550558283753805550171757205302331103", "-0.15764183895452199692908996674850614865188971307543", "-0.20833059948984428456782443878567350806260227624997", "-2.6522900890120001556077334056955755487253927785463", "-0.55678038117640198020216938197410866658652490265468", "0.44621625986650354266298450839957084914532856714694", "0.78054847354747205028470247185746402105594639041414", "0.44621625986650354266298450839957084914532856714694", "0.31530688799523397721682271896252197770374239846756", "0.24493022692616169613229301668354518321292247373948", "0.20067715238853537912906077420453974912359359980781", "0.17016123255150006259337085197687066479299507183663", "0.14779591935652227708735798135348323330137956040849", "0.13067758604883782918477681579281833256354209016881", "0.11714214956792911101206308582173446209483418587561", "0.10616512983869046261662719595470768279587485680301", "0.097080264217530829601478379288857790297848447191456", "0.089435030175026140905620194570446357416203092375815", "0.082911044322240929509566883316864214180347691709058", "0.077277652430981671631357673569311273701932101597178", "0.072363583515131189806035913644229803277961218707917", "0.06803895013578285875638765139502182993270916597678"], ["-0.074462954546554979549275312697466608291938278910693", "-0.079390321491798994582249777401463243388749889514846", "-0.085015613980516108057875741420262437225917349668276", "-0.091498312984066850684217013818285737538551982967213", "-0.099050454381095470743220426507831187212817807089184", "-0.10796019858145153660348884848172407892958093577535", "-0.11862931806423673327273122934621109662414898773403", "-0.13163522192439949121517668394166412251558289082634", "-0.14783850859343397985804846537774410536177403850776", "-0.16858035773895260951131426389850716057590385459433", "-0.19607111204608313002142811995148534896477571930987", "-0.23422633848066712423767049903515345482567099314694", "-0.29068801969514865802011642487850709493436873540671", "-0.38255549033312313238499691037989108732456358945232", "-0.55678038117640198020216938197410866658652490265468", "-4.0653606336005436896785607705632688086556782563647", "1.4492129009094090655281383987732503648771820369486", "1.4492129009094090655281383987732503648771820369486", "0.78054847354747205028470247185746402105594639041414", "0.53332870528814296657157074419667963877630922374812", "0.40527234854667443139918549641507595317281194901831", "0.32692007464935827235093246690098115174194668355156", "0.27401003451262892584987659968415342641864078247825", "0.23586795692313780924854890176943222078736761829139", "0.20706180462942003022777083776692133246910508937142", "0.18453440264236222013348633260131877496297009472864", "0.16643290356733523014560870303914553273972938039008", "0.1515686513336918970851156927274383283715462263453", "0.13914390797128984252929631584310443618564370737816", "0.12860328900071542306040518798050513423512430559218", "0.11954818800480724842025947727220593638782923521397", "0.11168508130835201293154874462037595764449160129308", "0.10479302844826431987159688865202950619854646413157"], ["0.02076678641944277326806304426945320253113174083051", "0.022516560001614876091776101010184330495645572249381", "0.024572137083049975769696697164988477210018320804355", "0.027017934238508219793656479457986270339581403180154", "0.029971491893113240612726142265592275461348846580628", "0.033600992281353972681204537632364506871033879926823", "0.038154903833127846607355733465735049525984114734228", "0.044014569501579237311858325248881931639168767815312", "0.051792917594421400815224892641130203418095470924276", "0.062532964925099058351464687911743914488822701340367", "0.078142890113165569236832966502637270008883906733201", "0.10246150939734811371549128052652730911489961287216", "0.14428721045599077286694728443338524512796018001829", "0.22803397341438760025271485933782273007601828601464", "0.44621625986650354266298450839957084914532856714694", "1.4492129009094090655281383987732503648771820369486", "6.6274784377837404837333207640080064388669879380769", "1.4492129009094090655281383987732503648771820369486", "0.44621625986650354266298450839957084914532856714694", "0.22803397341438760025271485933782273007601828601464", "0.14428721045599077286694728443338524512796018001829", "0.10246150939734811371549128052652730911489961287216", "0.078142890113165569236832966502637270008883906733201", "0.062532964925099058351464687911743914488822701340367", "0.051792917594421400815224892641130203418095470924276", "0.044014569501579237311858325248881931639168767815312", "0.038154903833127846607355733465735049525984114734228", "0.033600992281353972681204537632364506871033879926823", "0.029971491893113240612726142265592275461348846580628", "0.027017934238508219793656479457986270339581403180154", "0.024572137083049975769696697164988477210018320804355", "0.022516560001614876091776101010184330495645572249381", "0.02076678641944277326806304426945320253113174083051"], ["0.10479302844826431987159688865202950619854646413157", "0.11168508130835201293154874462037595764449160129308", "0.11954818800480724842025947727220593638782923521397", "0.12860328900071542306040518798050513423512430559218", "0.13914390797128984252929631584310443618564370737816", "0.1515686513336918970851156927274383283715462263453", "0.16643290356733523014560870303914553273972938039008", "0.18453440264236222013348633260131877496297009472864", "0.20706180462942003022777083776692133246910508937142", "0.23586795692313780924854890176943222078736761829139", "0.27401003451262892584987659968415342641864078247825", "0.32692007464935827235093246690098115174194668355156", "0.40527234854667443139918549641507595317281194901831", "0.53332870528814296657157074419667963877630922374812", "0.78054847354747205028470247185746402105594639041414", "1.4492129009094090655281383987732503648771820369486", "1.4492129009094090655281383987732503648771820369486", "-4.0653606336005436896785607705632688086556782563647", "-0.55678038117640198020216938197410866658652490265468", "-0.38255549033312313238499691037989108732456358945232", "-0.29068801969514865802011642487850709493436873540671", "-0.23422633848066712423767049903515345482567099314694", "-0.19607111204608313002142811995148534896477571930987", "-0.16858035773895260951131426389850716057590385459433", "-0.14783850859343397985804846537774410536177403850776", "-0.13163522192439949121517668394166412251558289082634", "-0.11862931806423673327273122934621109662414898773403", "-0.10796019858145153660348884848172407892958093577535", "-0.099050454381095470743220426507831187212817807089184", "-0.091498312984066850684217013818285737538551982967213", "-0.085015613980516108057875741420262437225917349668276", "-0.079390321491798994582249777401463243388749889514846", "-0.074462954546554979549275312697466608291938278910693"], ["0.06803895013578285875638765139502182993270916597678", "0.072363583515131189806035913644229803277961218707917", "0.077277652430981671631357673569311273701932101597178", "0.082911044322240929509566883316864214180347691709058", "0.089435030175026140905620194570446357416203092375815", "0.097080264217530829601478379288857790297848447191456", "0.10616512983869046261662719595470768279587485680301", "0.11714214956792911101206308582173446209483418587561", "0.13067758604883782918477681579281833256354209016881", "0.14779591935652227708735798135348323330137956040849", "0.17016123255150006259337085197687066479299507183663", "0.20067715238853537912906077420453974912359359980781", "0.24493022692616169613229301668354518321292247373948", "0.31530688799523397721682271896252197770374239846756", "0.44621625986650354266298450839957084914532856714694", "0.78054847354747205028470247185746402105594639041414", "0.44621625986650354266298450839957084914532856714694", "-0.55678038117640198020216938197410866658652490265468", "-2.6522900890120001556077334056955755487253927785463", "-0.20833059948984428456782443878567350806260227624997", "-0.15764183895452199692908996674850614865188971307543", "-0.12670832424875550558283753805550171757205302331103", "-0.10589379476350341747624280444582951955933842347367", "-0.090940353051462735373143240283386859373779644982261", "-0.079681529829605979800694979278350011824315561149944", "-0.070900199174113421359892012794172044791162603422295", "-0.063860435175216077406551460267723900378851998368949", "-0.058091289404234820648079900315903569189920495010981", "-0.053277461701564819797325530961203439275447097532634", "-0.049199943148400020728039525804120016716008990268353", "-0.045701883380858952045851271374108584779200053586076", "-0.042668009208367995688409807818952056988921042350243", "-0.040011709787280193788354307749135032699467805786123"], ["0.053493184366013009107744909806564180564534879543793", "0.056769462237076996785265894064790730425707691210257", "0.060477167023874262443170490489606286539312432312052", "0.064708441583985603629729925685455606540163318711619", "0.069583988197368112540723885680038366384282734467429", "0.075265202524146892875099606569248411843530538374211", "0.081973150659572405140900147128524514268299692722015", "0.090019420479781328047072458771117131248381147365143", "0.099858660090775818843631247194773619779347147767102", "0.11218326747188562092183973933956755916498137674265", "0.12810658454690624624212693078103242336459536649368", "0.14955118340373792116695012258076309197531911530059", "0.18017868029530369888941909447365679874499036659813", "0.22803397341438760025271485933782273007601828601464", "0.31530688799523397721682271896252197770374239846756", "0.53332870528814296657157074419667963877630922374812", "0.22803397341438760025271485933782273007601828601464", "-0.38255549033312313238499691037989108732456358945232", "-0.20833059948984428456782443878567350806260227624997", "-2.0796503780954287187319631714692958056655806821666", "-0.1069530784191997092903554947113387892411771499009", "-0.085897186628211116090344087690415822326778396841567", "-0.071748193188056461779048926332548190058250472548234", "-0.061592791441867348074472940657815197201573987165335", "-0.05395171589755831884726908737688531257665821812994", "-0.04799513245482494415856994179558846757925599128435", "-0.04322184027312633352636960619373109928117338724309", "-0.039311375643533637658111833007182326830835272356108", "-0.036049335280644879267270096758484542743540966564042", "-0.033286877514255594344061034505964667581349661670191", "-0.030917454643678467271126437973057228117072578798449", "-0.028862793351578304948458588571725269399447606191933", "-0.027064102887082956036087374592478226902303615750442"], ["0.045470871226752373187839889580669032074249278071558", "0.048152486413062433307601610444994439916924278520196", "0.05117548672148126401353015797844267121817412218911", "0.054610705113209996987371959779761818553025644087353", "0.058550421533832623676281424405577294157691491694409", "0.063117317127923786064069266483875931771216692489204", "0.068478420011088682681524744139962849731908489677521", "0.074867689795244325174962616195543598903030509113909", "0.082624348548277858165799018702597585694303456294768", "0.092261781481786954538912899880394254764421510684143", "0.10460061825029565068887868823179530210401811485422", "0.12105070986785596222724949843719621628459730805598", "0.14428721045599077286694728443338524512796018001829", "0.18017868029530369888941909447365679874499036659813", "0.24493022692616169613229301668354518321292247373948", "0.40527234854667443139918549641507595317281194901831", "0.14428721045599077286694728443338524512796018001829", "-0.29068801969514865802011642487850709493436873540671", "-0.15764183895452199692908996674850614865188971307543", "-0.1069530784191997092903554947113387892411771499009", "-1.7303055105517604918057488842333271850439694364751", "-0.06484129483722252289033268066949285541237964378223", "-0.0541457505724848380233956421431528904667871338719", "-0.046472695782756561002512089306640666521706266253479", "-0.040701375267147971236497485543271943410528485187199", "-0.036203543261949991132212831212438403246871759561039", "-0.032599967248780770899038624774129817621172760133454", "-0.029648275247009913139219881335159975057929289849708", "-0.027186367388325525514384422014377761931336443646934", "-0.025101744080372914905583872260923098508035496311223", "-0.023313892266126343069203532299229072004662121688204", "-0.021763676527249086371922506195396767595654011309299", "-0.020406688259406559931565031249239846707397487904571"], ["0.040217910937991663850784052902089894574885996078521", "0.042502797350548185497704895889270075150459082405075", "0.045069340323654748913326850681182906658671292401144", "0.047974482893741523660832813088136558888280905872376", "0.051292085276711732701774712342337873594746130784018", "0.055119903880102141754419144786790382572241921472239", "0.05959043902120