{"Larch": [["1.2562192334114155590083363372985904990853202440653", "-0.013706363428175364493637666766616753139792207108543", "-0.014390524899071184803896820801120986069759802357483", "-0.015146528254109965641614787446774576212110538649153", "-0.015986307647679552984691815296474702483883193800399", "-0.016924593151092866655349838216154525187334387988982", "-0.01797977965309166992505400979368899244140461299826", "-0.019175140901470997981229708596416515081063909454291", "-0.020540559755242103635766275792502932959754566613533", "-0.022115049850733287261499433213261306729254346713737", "-0.023950525068260112456349161638141514287523324793693", "-0.026117600287668844643221266106326011174372553283346", "-0.028714822971296901728181504751507608534164296211937", "-0.031883953545581018795373830187970474885751007859641", "-0.035836464477509690923729390289696219903920992652103", "-0.040902148912438688157154060647779839650960102928638", "-0.047624651882166197924894564478286080012985268376667", "-0.056966213064187523814338043109007860847764265531738", "-0.070798393592546413956266469350181014143220225050011", "-0.093265913481637572616806150611394738790434212084073", "-0.13537196436306090162413128415764238184834177990263", "-0.23074502337162194794506825879430780533251073648915", "0.024460676125558830370199048113681930197710910677364", "0.25747457566646301926674745876880299307313067548157", "0.15765454319940860703214099167311885690275481949402", "0.11393288422702809664032299914474019862870120397606", "0.090409262853477845673136714050202430126047850796315", "0.075729458207991720041944624068708835670787873475686", "0.065652292129973132253109683880520793175251584422524", "0.058269033903833408918829966438575949084954538404606", "0.052599341740324140307365652701925066911805798897781", "0.048089069213456186471890900304697454910130424902559", "0.044401488286879729907091755438128007222164113260851", "0.0413201015966347220413391528536845773217387319976", "0.038699264711976166495654403923041766811015097580616", "0.036437291376605374904064371883467333978930548292218", "0.034460950765736815704858008981723010899369905630896", "0.032716100968510419517766650734511365790992633404974", "0.031161800722187856732607425678003654824939677573515", "0.029766479878975714604243777130327629606050051532023", "0.02850537450288266870568813445469759346587032112514", "0.027358764250900449590575670227861674569161260628084", "0.026310733317207878711822660919148735734257135107594", "0.025348281696575904669358041482991201903234238997966", "0.024460676125558830370199048113681930197710910677364"], ["-0.013706363428175364493637666766616753139792207108543", "1.2084173426510117438709299426445649243291906122979", "-0.015074686369967005114155974835625218999727397606423", "-0.015866610667077266215603347786853487748269704419457", "-0.016746289054180949148376531473094018931913522697685", "-0.017729150581822242195777881078538968199219933209092", "-0.018834462898074931011337278399103440301727094176203", "-0.020086603813686936895828382234716475404609193178583", "-0.021516873516251637798927505653343815791177760828532", "-0.023166135653553027607482154019091875927937114164386", "-0.025088765250491751118872661068310932192826782314266", "-0.027358723973618192658179626040296936977830587900826", "-0.030079228384307950567685490022861322660925395221336", "-0.033398752722031489987185177139749951697914241255566", "-0.037538779942843100649121061329933101962700130001608", "-0.042844705018457496990262374496434345830329238344359", "-0.049885871112432253486978357659064035137864805794542", "-0.059669953666438283771881816630407305079512519183187", "-0.074156748308097652159950516560978911849304226105391", "-0.097685888484607695290315510824993515771025434582714", "-0.14177541704384435094678884296769636230668649426021", "-0.24159695636879427711763978839569235794214666295818", "0.026278154199546172982762701203219962737592011524312", "0.2698009819889465821649467826567766179009908065084", "0.16510501740060791014195745508354214429590903804196", "0.11925118621266157418757136022438007161905509610458", "0.094573887904743974079807689282875197456681453112509", "0.079169297501690454062543942946990589086579415036618", "0.06859150159508974324372995612671107266840135447923", "0.060839583808548007969275239053047117021552636458647", "0.054885745366824123231538180959460991741171247380758", "0.050148916968177238170741852540407928511794512636263", "0.046275935116397636178083027122152031749969155853412", "0.043039678628660037245557178466818993898661573844667", "0.040287314049556515919572345459092024991342591662105", "0.037912104753216573121643843608469807129481217568711", "0.03583715974270573513910074257453271844334596599488", "0.034005613868418357962527881776209369094625545641461", "0.032374453807332808657641076825155557742905404186543", "0.03091050207126916405418802565393142915199326886467", "0.029587726757525182377465719101397961327553975695234", "0.0283853924428773449426810036527236352618850973215", "0.027286760067095274887565595740752772048258338576281", "0.026278154199546172982762701203219962737592011524312", "0.025348281696575904669358041482991201903234238997966"], ["-0.014390524899071184803896820801120986069759802357483", "-0.015074686369967005114155974835625218999727397606423", "1.1581487031855696081897334188243424908025702576698", "-0.016658534964187527317050720738081756496812011232491", "-0.017582090396287921165486809791828418898006585243316", "-0.018613971985773987889651849826176884599050778409981", "-0.019774407030101912485632604289972995627227018318648", "-0.021088987302430923252162863714534726685585552293015", "-0.022590571373965743246389427456296915256419488032216", "-0.024322056979779602249385893902444255489109930815524", "-0.026340525110557344369462246847396646341964205402746", "-0.028723617040690546829737809507482683419842053489093", "-0.031579682585742045113038441541584933027045194982827", "-0.035064576935855534066551468258306745579567590678216", "-0.039410787740582775277034818537792092209614524367873", "-0.044980860299110611749962866778035047894221687631892", "-0.052372384308322628370751385003595379147731763522265", "-0.062642971486203035682396872750059444151498193954971", "-0.077849377179230817600312675418813517652402777886576", "-0.10254537096193950059479548353025047440463120146367", "-0.14881434652572642571526844675281142582373977740764", "-0.2535191811055746598546652522672748389391160979767", "0.028345796228021831887608635005162221824457981980848", "0.28336649000603770536871358063260527680102500670434", "0.17329500393563404265359897462532247899116523966234", "0.12509144154234107763547254870524986686334998713549", "0.099142578499523598212889508621146048142365155225798", "0.08293905685655675242961193965829522141003168754234", "0.071809431901438079719033261163724006963329383405602", "0.06365122344478930475014306178966461094826671179439", "0.057384332214566663529598686523571213553346198987443", "0.052398006738458074146083156932684933598398716437735", "0.048320955832609790887824327187411273441625707635407", "0.044914335564099619257160828573349452379254766472122", "0.042017376562666625951876355468301938866063528826747", "0.039517765090282742159092322955260565497032993786139", "0.037334566981313756911255351910125598956377535512566", "0.035407908160943654050433134822261785897321344019972", "0.033692485478924470151302106037955023763534093125237", "0.032153345002113384842521647288784311534472205796321", "0.030763053418774976785139974205003834494061380255804", "0.029499753438078482123625541562681298191670033088883", "0.028345796228021831887608635005162221824457981980848", "0.027286760067095274887565595740752772048258338576281", "0.026310733317207878711822660919148735734257135107594"], ["-0.015146528254109965641614787446774576212110538649153", "-0.015866610667077266215603347786853487748269704419457", "-0.016658534964187527317050720738081756496812011232491", "1.1051380033221413025129439853552416601387956982429", "-0.01850564582838831501392289884557508129920115925414", "-0.019591690496567218175952414370224448650170161998726", "-0.020813031052073374208493232140603408670698687347367", "-0.022196600386991772235940899458647969232778937558146", "-0.023776978655921386432257168799939947008340983392162", "-0.025599310649044948071441756096504671987826250746029", "-0.02772366656003874680552103629158448774841451885564", "-0.030231752300253424268823695603657799285220808771168", "-0.033237587877025880423703743853085285974848882066198", "-0.036905181133022334741501543010329244487843148622788", "-0.041479174356618706909760645610493031819869298289271", "-0.047341054077020868786038878948031155510672493998509", "-0.055119603488640713067189897639404119351648667544555", "-0.065927574094918429137064455036629278983975778435149", "-0.081928766660233703619196805730862301729442162330182", "-0.10791329821179899892465453120476101927386990085312", "-0.15658821779405224326810478357720728872532376365324", "-0.26667810589120727832897717068556334351924410279582", "0.030714445238138113951011758991648746999261665834182", "0.29836774125454896700300179570113962846591685760118", "0.18234041054991126027124896011881791877630701351447", "0.13153462229263783240604178822540130428881189615222", "0.10417740951968495149679995337589508312667720594138", "0.087088956515754430752389550508144262156150174991291", "0.075348150576063104000476620439796237501735039191126", "0.06674006030667302906041974573303947123461589344927", "0.060126660628594596523919034940669471703352058625218", "0.054864311799266845626909366849498029673227670997386", "0.050561627929051077722475190908979998611916663458438", "0.046966764581709190809634546883730492675123659062275", "0.043910147902242566379906261152378832264865965602851", "0.041273274466984938080221793070677513059340650192972", "0.038970721585722886736355535929768246091322673292719", "0.036939274135212218208300307044624831261854677997985", "0.035131086063013384364683615374413217485258267535458", "0.033509230556732854624731990845086146757563434047121", "0.032044717969665855274388371365627769385706607052785", "0.030714445238138113951011758991648746999261665834182", "0.029499753438078482123625541562681298191670033088883", "0.0283853924428773449426810036527236352618850973215", "0.027358764250900449590575670227861674569161260628084"], ["-0.015986307647679552984691815296474702483883193800399", "-0.016746289054180949148376531473094018931913522697685", "-0.017582090396287921165486809791828418898006585243316", "-0.01850564582838831501392289884557508129920115925414", "1.0490600881510634230178469780590852800377154360551", "-0.020677735164746121337981929894873816001139164743313", "-0.02196672366391590380577839878811757235644745139398", "-0.023426918573192924643280232996338931877304863659481", "-0.025094811862804654286840736288531163435625939426667", "-0.027018043613176274682945527546690590125551269044407", "-0.029260003348647152104120725865919388823283412122556", "-0.031906910367662725590952380854812473283223615845029", "-0.035079080633105576099926349479024061559304847417705", "-0.038949573944648336933454725695301929286581147441527", "-0.043776527209441746099344420286984826871936112192785", "-0.049962454826896555492594877139163525893533524429815", "-0.058170766626995079571628814205556539189352626568757", "-0.069575414730805360992690728589787294190496902987534", "-0.086458989576794088519573513365525674617316519692757", "-0.11387380837069304451870330669537341513884781695972", "-0.16521837854190623878399115137293430168945642642818", "-0.28127648589490251146515683373497441776748192300415", "0.033448894741834026671285906649272293015842933894644", "0.3150452879431246134249452006772825079272388584883", "0.19238271336882623903550755306703756878008242215291", "0.13867939696506764894984963046687637026919347021919", "0.1097539120355064636109237193859619087823989498139", "0.091680026182891071872664004827871190132469798219354", "0.079258725426248579792743267076686709118440714126345", "0.070149888552075482823393451516184053335968575557407", "0.063150980107709323890759109317063492972681028543655", "0.057581717637328147872866117430797033783317627673368", "0.053028316277531056034489408400214108608742299983887", "0.049224433906195311700102045012327236605272790728359", "0.045990674359930262426367233152310629383668203098084", "0.04320162673457762366390387990668566126445490211062", "0.040766858067413861791051737016497725072276543059808", "0.038619423225018294972610101162509677097038188217747", "0.036708637000995787287583806969118755684801191852799", "0.034995369882022030900122130550533610416328136712872", "0.033448894741834026671285906649272293015842933894644", "0.032044717969665855274388371365627769385706607052785", "0.030763053418774976785139974205003834494061380255804", "0.029587726757525182377465719101397961327553975695234", "0.02850537450288266870568813445469759346587032112514"], ["-0.016924593151092866655349838216154525187334387988982", "-0.017729150581822242195777881078538968199219933209092", "-0.018613971985773987889651849826176884599050778409981", "-0.019591690496567218175952414370224448650170161998726", "-0.020677735164746121337981929894873816001139164743313", "0.98952696201364409930268182625154221297464178339065", "-0.023255712163085686273574867681361328711755738044647", "-0.024801510277416326295929384547071489815387713117565", "-0.026567170762157498603127005086416945913788197654452", "-0.028603120725283813019186426959644783656654295119681", "-0.030976456985427358257348485060128503387712261598405", "-0.033778439568148826299780789348135582830237691028649", "-0.03713641570001406963734698084818838235332851637119", "-0.041233553792136113882888825170355443447261395278803", "-0.04634305965885237107282914144166382807980243968717", "-0.052890926793111598908056171863592496882772960398466", "-0.061579224032654075774687621870164059479190214007434", "-0.073650221361310297630583128481030084039610047841219", "-0.09151908607002854753354209670942197143394554699656", "-0.12053067074254639617446911932398052936296986354661", "-0.17485442143371691328039176613813833406867757720717", "-0.29756390781553728584810526522498070537787834539545", "0.036632814148103447142419308798927946487430116167465", "0.33369656700467298757844115237573563703437097089006", "0.20359642118638267905516489427555922061067303198955", "0.14664725357155833746424120848496387958271010196731", "0.11596494285456611051325255982790646710542457431662", "0.096787197153238217018602456406177781320361114717657", "0.083603788930204871146253058249363253688857230598939", "0.073934372873609716330117425741644797891681398069936", "0.066504128718607541699908750885540985331633836275134", "0.060591696591254081304052580789476681851950581227856", "0.055758170034652432974210569077809957668367539418228", "0.051720939944443220022890758401870131341216074852347", "0.048289585033194965314793066360834230948661560609857", "0.045330938797888415163966740233404310506641371005751", "0.042748941720064183827472177884606484461741565892167", "0.04047245942469843298231610213305291125635623049778", "0.038447617975715239064116102025603379069223626901166", "0.036632814148103447142419308798927946487430116167465", "0.034995369882022030900122130550533610416328136712872", "0.033509230556732854624731990845086146757563434047121", "0.032153345002113384842521647288784311534472205796321", "0.03091050207126916405418802565393142915199326886467", "0.029766479878975714604243777130327629606050051532023"], ["-0.01797977965309166992505400979368899244140461299826", "-0.018834462898074931011337278399103440301727094176203", "-0.019774407030101912485632604289972995627227018318648", "-0.020813031052073374208493232140603408670698687347367", "-0.02196672366391590380577839878811757235644745139398", "-0.023255712163085686273574867681361328711755738044647", "0.92607021983927339850130867995088857675889278743031", "-0.026347308391746966318283901412781650919019688190483", "-0.028222900061693404767903073788944754514804427459354", "-0.030385590246016521934390280052405935304953814144692", "-0.032906643191012776253291889404820297056701392486844", "-0.035882985049161454305021973681490433653934081625449", "-0.039449866289502133531308999709326224626923979425613", "-0.043801816882000460684219390525926031266619346312254", "-0.049228978095823206672735925661701640500808277392486", "-0.056183728418670033645220761217173737790663762882223", "-0.065411575219610914724798897289044332555933661603712", "-0.078231540379330716844856606735545425433051348731816", "-0.097207700562273785971872699128427024994128031075886", "-0.12801335986404337385915329252725892941306325781599", "-0.18568290066733342949516440174219383445131485143307", "-0.31585112085903405915307395839455533048895318588551", "0.040375847042552767980918944828946026187379232055722", "0.35469375989689408604032444767321192913708430670975", "0.21619931748357536601787265882872147335080796365811", "0.1555895149260132860820210019674020484403135672311", "0.12292597560544870035259393120336985689628358993469", "0.10250352616830126003251566231510821513141429818253", "0.088461038979899896483517963973487098343430547355465", "0.078160028744770386008538829803514629483135186596658", "0.070244122088678092865470568325828581750108401871792", "0.063945592941427672007157678728310202274498833998756", "0.058797165503796206791433085876239622529141511628338", "0.05449785298546280914498207788643425949132614199668", "0.050844774218776417157234778290912643793676464133232", "0.047695995727577177282502657747706573927965409248869", "0.044949096849502512830840412736805411567524809356727", "0.042528206895272114248635165675453370610166293999148", "0.040375847042552767980918944828946026187379232055722", "0.038447617975715239064116102025603379069223626901166", "0.036708637000995787287583806969118755684801191852799", "0.035131086063013384364683615374413217485258267535458", "0.033692485478924470151302106037955023763534093125237", "0.032374453807332808657641076825155557742905404186543", "0.031161800722187856732607425678003654824939677573515"], ["-0.019175140901470997981229708596416515081063909454291", "-0.020086603813686936895828382234716475404609193178583", "-0.021088987302430923252162863714534726685585552293015", "-0.022196600386991772235940899458647969232778937558146", "-0.023426918573192924643280232996338931877304863659481", "-0.024801510277416326295929384547071489815387713117565", "-0.026347308391746966318283901412781650919019688190483", "0.85811682728957056024010776308556303699449195481823", "-0.030098491731639843217522246165107858110589166728225", "-0.032404731173151299742443469372218077497920877121797", "-0.035093088124101379564961218735499845769261960585632", "-0.03826690421351507630170649174866762933766267998419", "-0.04207037786905316697391401936863513936850483767264", "-0.04671090163037604307854197204478342799121928933255", "-0.052497788053548383866229071982975924726778075849915", "-0.059913280922035417061087868692722748649619272218691", "-0.069752049311595797881078341275295741626701880871849", "-0.08341996357808909189751387726782180288445451478595", "-0.10364955439595804230401713528439478627368333497456", "-0.13648553082006807448755907512013203595423355528478", "-0.19793948468853238820107828638291784856918371014404", "-0.33652996460669742292698753389325345045823415000658", "0.044824057404839416934199134578394537994472493405469", "0.37850882666493415181273746949108652789059080639101", "0.23046676606447667968470539766645695124903311964921", "0.16569711622144441121537127437741225396027652586563", "0.13078246423688005123000855397264098888656270983601", "0.10894606789630367135005564050150270843393599750118", "0.093928103140454508997889481372833229260690082381463", "0.082910362250975720205212590313346278592324044541528", "0.074443749500870486743025110488376852735722666657108", "0.067707797163643281937384411234189029490895439089974", "0.062202944459617933715821765367800473467067959621091", "0.057607282269201646662800000167173332968647135465417", "0.053703740241388394322994729391049469523776321626703", "0.050340399446124468125387892003438296243929162728845", "0.047407593581959391422189527017825655101543585134217", "0.044824057404839416934199134578394537994472493405469", "0.042528206895272114248635165675453370610166293999148", "0.04047245942469843298231610213305291125635623049778", "0.038619423225018294972610101162509677097038188217747", "0.036939274135212218208300307044624831261854677997985", "0.035407908160943654050433134822261785897321344019972", "0.034005613868418357962527881776209369094625545641461", "0.032716100968510419517766650734511365790992633404974"], ["-0.020540559755242103635766275792502932959754566613533", "-0.021516873516251637798927505653343815791177760828532", "-0.022590571373965743246389427456296915256419488032216", "-0.023776978655921386432257168799939947008340983392162", "-0.025094811862804654286840736288531163435625939426667", "-0.026567170762157498603127005086416945913788197654452", "-0.028222900061693404767903073788944754514804427459354", "-0.030098491731639843217522246165107858110589166728225", "0.78495497849844499245957193408532215435492021173087", "-0.034710970614662756267364692579328296885252587515368", "-0.037590386320332147738680705020695839598598357514334", "-0.040989708374140153996434573609854219746687184402845", "-0.045063349403406497913011962669516959682983755408743", "-0.050033383610123283050745917220718541967345313853415", "-0.056231004107199807307680209619287269162809560703529", "-0.064172536520663356181597243339524875869480715860186", "-0.074708744009090292214022853164069227066215970139802", "-0.089344571561027897306401836279234463414883997903475", "-0.11100466066238986221266662419632347908999275179919", "-0.14615707982810700460301696866149787030365577242628", "-0.21192623410160676694970795640106868110739992209535", "-0.36010161636631723675079255602618772679266837948953", "0.050175668057445078373607804631501852001976897700733", "0.40574931455803908481475478386816615362400280459896", "0.2467520946767339623660946254059297518340095125478", "0.1772145049245670144173061873505016723173862724888", "0.1397202951240200453659824873136270359419600363118", "0.11626420261356385632729658190500852772575311140799", "0.10012943288405922660866006774973028362925404483695", "0.088291736250147889892009487288510761292462768887706", "0.079195669556893683559413626699898885046918659083714", "0.071960244506916461291945570251549763734438248038592", "0.066048837634253674421377765848338320616137006552313", "0.061115513229235306258012890020464580611816587553163", "0.056926903009581788074553074604747828278944225024969", "0.053319617637893516693643823046717783442244656412441", "0.050175668057445078373607804631501852001976897700733", "0.047407593581959391422189527017825655101543585134217", "0.044949096849502512830840412736805411567524809356727", "0.042748941720064183827472177884606484461741565892167", "0.040766858067413861791051737016497725072276543059808", "0.038970721585722886736355535929768246091322673292719", "0.037334566981313756911255351910125598956377535512566", "0.03583715974270573513910074257453271844334596599488", "0.034460950765736815704858008981723010899369905630896"], ["-0.022115049850733287261499433213261306729254346713737", "-0.023166135653553027607482154019091875927937114164386", "-0.024322056979779602249385893902444255489109930815524", "-0.025599310649044948071441756096504671987826250746029", "-0.027018043613176274682945527546690590125551269044407", "-0.028603120725283813019186426959644783656654295119681", "-0.030385590246016521934390280052405935304953814144692", "-0.032404731173151299742443469372218077497920877121797", "-0.034710970614662756267364692579328296885252587515368", "0.70568472666428820999768261774846333919284442573788", "-0.040469802026001539209996717462063382311944127513301", "-0.044129077253878852860969514125117181177404482846584", "-0.048514142332987745128227719366246513948894144706535", "-0.053863986858988414746591223381066103237868495437926", "-0.060535010805707217515743313027279063618320955341162", "-0.069082797504996789500636001799557639033518737250989", "-0.080422711636865654492116876104746502806353596229007", "-0.096173771679323539936281479241722734231087924201988", "-0.11948173733435954065103350548710072155718610338628", "-0.15730169074945142943658219626971482764549609091738", "-0.22803671260041985882992098038486326149123149796626", "-0.38721750351228844345774487798009267928495302882071", "0.056705409493761065653682612109258017300994550409664", "0.43721076349894635917776331790013004294609247546427", "0.26551629902949374360832524660494695508196031921868", "0.19045984714576887508509811734611604539255120123906", "0.14998095781453079840323820377791852610826666124281", "0.1246517122373542236936666527096939068708089835704", "0.10722629622609722570739821303020705102475439390812", "0.09444187159338842219997819628190271420134853670786", "0.084619795279348752122593546665576369900831575588432", "0.076808936103351880271914218562044221035333286018317", "0.07042969886246743227741004664954121702924090194656", "0.065108283389397725529903622628789283840861136514351", "0.060592417954551569848229785292110873285512097526583", "0.056705409493761065653682612109258017300994550409664", "0.053319617637893516693643823046717783442244656412441", "0.050340399446124468125387892003438296243929162728845", "0.047695995727577177282502657747706573927965409248869", "0.045330938797888415163966740233404310506641371005751", "0.04320162673457762366390387990668566126445490211062", "0.041273274466984938080221793070677513059340650192972", "0.039517765090282742159092322955260565497032993786139", "0.037912104753216573121643843608469807129481217568711", "0.036437291376605374904064371883467333978930548292218"], ["-0.023950525068260112456349161638141514287523324793693", "-0.025088765250491751118872661068310932192826782314266", "-0.026340525110557344369462246847396646341964205402746", "-0.02772366656003874680552103629158448774841451885564", "-0.029260003348647152104120725865919388823283412122556", "-0.030976456985427358257348485060128503387712261598405", "-0.032906643191012776253291889404820297056701392486844", "-0.035093088124101379564961218735499845769261960585632", "-0.037590386320332147738680705020695839598598357514334", "-0.040469802026001539209996717462063382311944127513301", "0.61914448024629711611582523884168712391911951654034", "-0.047788352481756166511942310788170980042864838179867", "-0.052536312486480848087343220318338079767369153303152", "-0.058328715136650706592122725354067010213176618079468", "-0.065551313000633637092179961918582983944915162298127", "-0.074805396600795839558763858667056490377833659198526", "-0.087081529905343007039136902545193689555421841014957", "-0.10413148162979811146860787378167407021953703801466", "-0.12935822924790429083116310399023038896284135037041", "-0.17028301171872363946175836058167609934922408685116", "-0.24679340365786169079191340667714324940916023501156", "-0.41874002182922361657117652893627716082795383803048", "0.064803343787074616058989222906868133935406106903245", "0.47395542238548081289989870523568338335055682953947", "0.28737244910488626380963395832401912203866777969953", "0.20585515709055356937143777299999467390618422315589", "0.16188413030456406950406538635541739538452983554007", "0.13436474248813985680564685095509139446979446069297", "0.11543163501788049042503126472422207509901542287598", "0.10154248599440894648471371805790092980731130850897", "0.090874275144616266689223059871958357511470360743519", "0.08239363791903537643771950122985886881377506761506", "0.075470585266488749163201263200068698817476585103826", "0.069698634929197693562073202632739399760548321906858", "0.064803343787074616058989222906868133935406106903245", "0.060592417954551569848229785292110873285512097526583", "0.056926903009581788074553074604747828278944225024969", "0.053703740241388394322994729391049469523776321626703", "0.050844774218776417157234778290912643793676464133232", "0.048289585033194965314793066360834230948661560609857", "0.045990674359930262426367233152310629383668203098084", "0.043910147902242566379906261152378832264865965602851", "0.042017376562666625951876355468301938866063528826747", "0.040287314049556515919572345459092024991342591662105", "0.038699264711976166495654403923041766811015097580616"], ["-0.026117600287668844643221266106326011174372553283346", "-0.027358723973618192658179626040296936977830587900826", "-0.028723617040690546829737809507482683419842053489093", "-0.030231752300253424268823695603657799285220808771168", "-0.031906910367662725590952380854812473283223615845029", "-0.033778439568148826299780789348135582830237691028649", "-0.035882985049161454305021973681490433653934081625449", "-0.03826690421351507630170649174866762933766267998419", "-0.040989708374140153996434573609854219746687184402845", "-0.044129077253878852860969514125117181177404482846584", "-0.047788352481756166511942310788170980042864838179867", "0.5237978008732213512188511755383185711626242375307", "-0.057284272491205529662744129848505179491873468426436", "-0.063598896464097976632212932637015025298332508029268", "-0.071472299840259460618925845628720318578931937004213", "-0.081559657630555757820469245636777867961575864453191", "-0.094940165390060375144575820896598231457933241581975", "-0.11352200315447176896138546761392458524898240465379", "-0.14101106878592545144819464587623887595140942354048", "-0.18559484412334457358048536680586423926251899293507", "-0.26890507601076230460079908399814016822763750132619", "-0.45583518876397036157709995075108777890646273801554", "0.075038952538786505383619362333689871569794374638073", "0.51743407029108389451755212323767124696667530184941", "0.31315404922693568152667828671726451450647798107487", "0.2239725506314328362202506361277207920454020132513", "0.17586229582365208523846589949832328707968948045473", "0.14574931092375835826299617356404529287683566687252", "0.12503281075315323495073559269553931363677308529103", "0.10983864368752923054008349743823825813232109443613", "0.098172308177583236857705447801438848961698529107908", "0.088902737439074953585202591830760361256607062904807", "0.081340058492595649909636671485222969239397605260192", "0.075038952538786505383619362333689871569794374638073", "0.069698634929197693562073202632739399760548321906858", "0.065108283389397725529903622628789283840861136514351", "0.061115513229235306258012890020464580611816587553163", "0.057607282269201646662800000167173332968647135465417", "0.05449785298546280914498207788643425949132614199668", "0.051720939944443220022890758401870131341216074852347", "0.049224433906195311700102045012327236605272790728359", "0.046966764581709190809634546883730492675123659062275", "0.044914335564099619257160828573349452379254766472122", "0.043039678628660037245557178466818993898661573844667", "0.0413201015966347220413391528536845773217387319976"], ["-0.028714822971296901728181504751507608534164296211937", "-0.030079228384307950567685490022861322660925395221336", "-0.031579682585742045113038441541584933027045194982827", "-0.033237587877025880423703743853085285974848882066198", "-0.035079080633105576099926349479024061559304847417705", "-0.03713641570001406963734698084818838235332851637119", "-0.039449866289502133531308999709326224626923979425613", "-0.04207037786905316697391401936863513936850483767264", "-0.045063349403406497913011962669516959682983755408743", "-0.048514142332987745128227719366246513948894144706535", "-0.052536312486480848087343220318338079767369153303152", "-0.057284272491205529662744129848505179491873468426436", "0.41755202932676202406374745508700044925854138953402", "-0.0699135204369904236016817354255248711047915476321", "-0.078566313514786426097016703518827888122461171293102", "-0.089651452677005833873044284232868764118143329795443", "-0.10435413861477408651503374365862149444944818487086", "-0.12476954928712501682111373516700846640040419189926", "-0.15496553483504543841243639854752782536133208272616", "-0.20392492578507872271159125779977267637261121072202", "-0.29535767645070690146805595326684454181960800543866", "-0.50011862390538867623425059751804140106363932352544", "0.088271275041785708888255711551909376675961158944524", "0.56968119236220111489757905533641455846290700823813", "0.34402390937011411579246348809774532233967393519998", "0.24560769087163578744201946427973817447134628107266", "0.19251562213185620058855233016595389183480111966053", "0.15928488315142261745804552712488199103474960922578", "0.13642762845592565773907807535454209445731349489837", "0.11966940346274892231672041669039963681609724519275", "0.10680878488140483499773042433754685054245252897093", "0.096596790593300242177199787708616442348632354027504", "0.088271275041785708888255711551909376675961158944524", "0.081340058492595649909636671485222969239397605260192", "0.075470585266488749163201263200068698817476585103826", "0.07042969886246743227741004664954121702924090194656", "0.066048837634253674421377765848338320616137006552313", "0.062202944459617933715821765367800473467067959621091", "0.058797165503796206791433085876239622529141511628338", "0.055758170034652432974210569077809957668367539418228", "0.053028316277531056034489408400214108608742299983887", "0.050561627929051077722475190908979998611916663458438", "0.048320955832609790887824327187411273441625707635407", "0.046275935116397636178083027122152031749969155853412", "0.044401488286879729907091755438128007222164113260851"], ["-0.031883953545581018795373830187970474885751007859641", "-0.033398752722031489987185177139749951697914241255566", "-0.035064576935855534066551468258306745579567590678216", "-0.036905181133022334741501543010329244487843148622788", "-0.038949573944648336933454725695301929286581147441527", "-0.041233553792136113882888825170355443447261395278803", "-0.043801816882000460684219390525926031266619346312254", "-0.04671090163037604307854197204478342799121928933255", "-0.050033383610123283050745917220718541967345313853415", "-0.053863986858988414746591223381066103237868495437926", "-0.058328715136650706592122725354067010213176618079468", "-0.063598896464097976632212932637015025298332508029268", "-0.0699135204369904236016817354255248711047915476321", "0.29745378440829032516562402044923849787393051949677", "-0.087219106592582428592351671612130905140130794954104", "-0.099520418797013539008725558636540710624819220877113", "-0.11583434467403530748615107973632036889766706395045", "-0.13848355649965866512597173510237936522430735296605", "-0.17197593771465644137458733117192841621264018974497", "-0.22626016000976010589657617819548064391724782123701", "-0.32756398445266639830610941295846163763601035655388", "-0.5538942618389384578133217052796059673084952955121", "0.10584736342831639027602653899384651531826701523082", "0.63364066364212026874750513441260850141967686382515", "0.3816545848071236193737494175089517035618980700029", "0.27190112514735463836232789758851009493602443346473", "0.21270247925253671014164725828837533513784670945227", "0.17565619769345212039088318873562533833043112042992", "0.15018370504878672982846206273987989216145383106707", "0.13151833620648263143662055119764491856115279474431", "0.11720421460601632079769584550008048122758453347699", "0.10584736342831639027602653899384651531826701523082", "0.096596790593300242177199787708616442348632354027504", "0.088902737439074953585202591830760361256607062904807", "0.08239363791903537643771950122985886881377506761506", "0.076808936103351880271914218562044221035333286018317", "0.071960244506916461291945570251549763734438248038592", "0.067707797163643281937384411234189029490895439089974", "0.063945592941427672007157678728310202274498833998756", "0.060591696591254081304052580789476681851950581227856", "0.057581717637328147872866117430797033783317627673368", "0.054864311799266845626909366849498029673227670997386", "0.052398006738458074146083156932684933598398716437735", "0.050148916968177238170741852540407928511794512636263", "0.048089069213456186471890900304697454910130424902559"], ["-0.035836464477509690923729390289696219903920992652103", "-0.037538779942843100649121061329933101962700130001608", "-0.039410787740582775277034818537792092209614524367873", "-0.041479174356618706909760645610493031819869298289271", "-0.043776527209441746099344420286984826871936112192785", "-0.04634305965885237107282914144166382807980243968717", "-0.049228978095823206672735925661701640500808277392486", "-0.052497788053548383866229071982975924726778075849915", "-0.056231004107199807307680209619287269162809560703529", "-0.060535010805707217515743313027279063618320955341162", "-0.065551313000633637092179961918582983944915162298127", "-0.071472299840259460618925845628720318578931937004213", "-0.078566313514786426097016703518827888122461171293102", "-0.087219106592582428592351671612130905140130794954104", "0.15914836444811784120245111517000013087630071898882", "-0.11182173100144464942509944566095051610950764680012", "-0.13014196371476174693305078379841510077643519844862", "-0.15557170646868407730384508959912885191903287230336", "-0.19316514549517494457014624606187779398076753844269", "-0.25406837069319564135742107951215059167267122649359", "-0.36762146409601372659173570318285009305199028348718", "-0.62056214115984646198774599580353097618969022416325", "0.12998067218092874263457381531959369287556674150393", "0.71373619366819834622971144619313510214854438146729", "0.4285419539470942241703595264210599644321009564986", "0.30454841894189437172184422206129564039749309059371", "0.23769594473962997170281383578008418849434483481947", "0.19587737494622400877420894722391428013585896007484", "0.16714104873745595542994875805073780625442416149715", "0.1461008323930869687718853660516299734745717007242", "0.12998067218092874263457381531959369287556674150393", "0.11720421460601632079769584550008048122758453347699", "0.10680878488140483499773042433754685054245252897093", "0.098172308177583236857705447801438848961698529107908", "0.090874275144616266689223059871958357511470360743519", "0.084619795279348752122593546665576369900831575588432", "0.079195669556893683559413626699898885046918659083714", "0.074443749500870486743025110488376852735722666657108", "0.070244122088678092865470568325828581750108401871792", "0.066504128718607541699908750885540985331633836275134", "0.063150980107709323890759109317063492972681028543655", "0.060126660628594596523919034940669471703352058625218", "0.057384332214566663529598686523571213553346198987443", "0.054885745366824123231538180959460991741171247380758", "0.052599341740324140307365652701925066911805798897781"], ["-0.040902148912438688157154060647779839650960102928638", "-0.042844705018457496990262374496434345830329238344359", "-0.044980860299110611749962866778035047894221687631892", "-0.047341054077020868786038878948031155510672493998509", "-0.049962454826896555492594877139163525893533524429815", "-0.052890926793111598908056171863592496882772960398466", "-0.056183728418670033645220761217173737790663762882223", "-0.059913280922035417061087868692722748649619272218691", "-0.064172536520663356181597243339524875869480715860186", "-0.069082797504996789500636001799557639033518737250989", "-0.074805396600795839558763858667056490377833659198526", "-0.081559657630555757820469245636777867961575864453191", "-0.089651452677005833873044284232868764118143329795443", "-0.099520418797013539008725558636540710624819220877113", "-0.11182173100144464942509944566095051610950764680012", "-0.004147352732762563709713414438969855077094904006505", "-0.14846219642807884444100212193587968544336275009711", "-0.17744669420230379124321791156821801982379548505499", "-0.22027961699308504295182851286218688660452083565688", "-0.28963003061613338934050148797495061056346212141696", "-0.41878141071492754202506295468723000844048681082459", "-0.70535220951958009741485375416062771953638732039043", "0.16452387263555351292881285260252857987343451126165", "0.81693093425190372068656280767489580443080088500072", "0.488582363385820765