{"Larch": [["1.2891988077467606729649909766294230911978676674078", "-0.011972925607123079691151166846553627568978131288516", "-0.012570625450091009041744448500342503340580804956105", "-0.013231097776177800246081612571047848425337668187321", "-0.013964772347355990476380779985587539279956416810816", "-0.014784523068482003180686455103484212287562181175981", "-0.015706427833769119293400550962779242650913803693047", "-0.016750830331461612083314697724105165052437743691212", "-0.017943853556655642767263959427921033590417128077764", "-0.019319606002757561359365220560844145242122090628668", "-0.020923480276794545936696241276807916096712756769534", "-0.02281723066212674953373476421404875573642217665734", "-0.025087056569913929443134213808073711855007431478066", "-0.027856988450838177253732241004056721715409316576069", "-0.031312115156022746130148533933799285547304248750811", "-0.03574122535308905565811878333742740890092240570739", "-0.04162070734369573107110966381974582062164836247102", "-0.049794674348360708460118841148027196665308638857134", "-0.061907910910679130467319642753708396161574657454423", "-0.081615545486867006132373976291362023457507099719228", "-0.11870354838932031397718907297629706153145621713215", "-0.20418929753871239606207684709140569068084119575199", "0.022803541362367924974427533721712085366156566537872", "0.23005787253291952244254022924673266349602408862862", "0.14072611615544145743410803930338637444750055292956", "0.10216204736778647261559668133164840807214095289327", "0.081449931397554347972560194358541649500739721609461", "0.068513529032085953433215991973029411089671695860654", "0.059617397765832871286163075173973745930616525971526", "0.053085317249673259784365283924715272056025000457836", "0.048057514404283571489896365294284058459104947005925", "0.044048279671131774295913890864776423819716453005009", "0.040762515586973620381013189045381759324093065793849", "0.038010465370532816477148299700299032400349480936276", "0.03566443007976865171299334989774737991405930868711", "0.03363520782768590717454567053722654466542822123784", "0.031858518011039828917025643310519445134284054230236", "0.030286800872011350904270658589839673283187922527159", "0.028884062814389563543031968145579137158325572363807", "0.027622523981707659353288301519814174808941021372982", "0.026480372733340316519508365092442047830767864872741", "0.025440222274944441453976983450450617106997608103131", "0.024488025496294540879959532875143256256953584228062", "0.023612296408170041361999131409346171713485280440812", "0.022803541362367924974427533721712085366156566537872"], ["-0.011972925607123079691151166846553627568978131288516", "1.2415583925447688173448882243343195799598030741689", "-0.013168325293058938392337730154131379112183478623694", "-0.013860183860705160523546835433294958853517436636723", "-0.014628721260766960738123984365265509850282511984915", "-0.015487422433821734053070277167716858467208193647847", "-0.016453128279098327213850427786024365667300938173953", "-0.017547147785518034148675286203697087966347679091661", "-0.018796843263731723206708644082402091593479841904799", "-0.020237941052211871567891977275130459951265085546187", "-0.021917986351202486630645693991280614822016604045203", "-0.023901661167627116517993123950798268553166581194222", "-0.02627925029380400669331449080457553769919191331348", "-0.029180660354481102050613997183848646227611915350032", "-0.03279974512132272047160986986358741308409856547868", "-0.037438961049229482512902184515346964710346996737309", "-0.043597226126133907829773563617958633491826377883187", "-0.052158533644688060258179320791869294733829295580173", "-0.064845262987358898160035435454129264902315629581829", "-0.085484579924630557601330799038295823229092042409823", "-0.12432094958838332630803317329891513700316559007129", "-0.21380011613529186188062313110364829383643434897517", "0.024459563599010353768026519463058071696401075958177", "0.24105927244837600435770801997824567672625146226122", "0.14736520492772687209172800478816637453517353919991", "0.10691767124174103729504450833907349289052091473418", "0.08518684567774144507910864880674546058352843572538", "0.071609161902824762399537805773782604884235150751007", "0.062268891224090499100137676730289574578749661425601", "0.05540882592313027190849087145226058989977511230592", "0.050127529577090697392691107781899151080762984188492", "0.04591565318040693609548272612182075886600627248146", "0.042463658851299320383341071493508707288385685054571", "0.039572446338584563232407658029888178024390968818301", "0.037107986312704764785846214041514077110514988686371", "0.034976623516944995023536753989690667378204878665086", "0.033110844971558769162973552172150104354377259530772", "0.031460682163098418420810153740850598306859201799816", "0.029988305744700716062874755577798941610414861651708", "0.028664509497203205117615655950508064345202051706179", "0.027466354742070147191576558219082962584607505799953", "0.026375550971996129482605187207875723223897001587922", "0.025377316986621799918279306039087082691732406557735", "0.024459563599010353768026519463058071696401075958177", "0.023612296408170041361999131409346171713485280440812"], ["-0.012570625450091009041744448500342503340580804956105", "-0.013168325293058938392337730154131379112183478623694", "1.1914759688283914462300598186237826450462107760001", "-0.014552042428351382654755940712458538594851394649752", "-0.015358919244620971911017111470832575219332028665526", "-0.016260454814075999273314459505578684918883098655898", "-0.017274329025608174419228602193997612306080303061517", "-0.018422912284009853299942797413610229737180519185255", "-0.019734929592177187342437129737113877007029235784983", "-0.021247886160662290592971155435273185785419600820829", "-0.023011693983470430160434189470924269285745744722892", "-0.025094254042579136309732612150427922935498037035392", "-0.027590342793878513523412166869619953557892756782458", "-0.03063632717824675329227547600473203414719631868879", "-0.034435696773678035644882548172708749248424822716595", "-0.039305933030473370522176373312363548217898036592203", "-0.045770719042782119932447551722517723090372299258866", "-0.054757880868130001715902093501051822441939016710604", "-0.068075071593252645645516542035379132764198889016712", "-0.08973847725589947637833039132559961405949842851489", "-0.1304960953825680145255718090291809013304423740406", "-0.22435968407435675259053288904835971040086860530945", "0.02634095804361381837604473194391754423683030368727", "0.25316534853130147782199591284169220319474836420812", "0.15466218357412622711373099274008899970096249455553", "0.11213880152586277536840895349095196558629067096713", "0.089284977801524794390418914596781995570849765489925", "0.075000261390660110431212827210899164244091895925995", "0.065170322628596246696002115456613457413016320658266", "0.057948720412618761178891930771015848011329134192201", "0.052388095822453184385013566279614527159082500717498", "0.047953031748457483491614465993405315348012815623017", "0.044318058322777929009197031548430043501737990510513", "0.041273761552508547155786541519695260512667563897075", "0.038679121050384880510164462297627997617474315789811", "0.036435561359672386945229920175867093029428768279897", "0.034471997038165172326365060475864265632805516535315", "0.032735796661845771472614378994992940518831849811917", "0.03118710105130515090885288018146367274159814888158", "0.029795126653696776563830612331714535789996255228608", "0.028535688427205123127995355281535971576628321179523", "0.027389496517253951735808851755619495078668295952322", "0.02634095804361381837604473194391754423683030368727", "0.025377316986621799918279306039087082691732406557735", "0.024488025496294540879959532875143256256953584228062"], ["-0.013231097776177800246081612571047848425337668187321", "-0.013860183860705160523546835433294958853517436636723", "-0.014552042428351382654755940712458538594851394649752", "1.1386815443693095668580580628317027253126306577289", "-0.016165796060890561167278282229206611843812662681299", "-0.017114661006938307582593718902138758080898950658971", "-0.018181757891360438340719489354510636876489939198773", "-0.01939062974792447096123951158889815252276280031913", "-0.02077150702494234827997336754204494468946480401203", "-0.022363860116047441916007024555742293650514301849341", "-0.02422021563420172266124536786499080224158779473334", "-0.026412030494357605516604696080174095978078867333597", "-0.029039042834492639175485080887082332998230685908314", "-0.032244755653236290356027429533959383702430811092694", "-0.036243301714162276825803148850913313853295134359035", "-0.041368757247316869511128076029022299019818590087407", "-0.048172155705430638184577675646368429590027753459566", "-0.057629726470971331648841104414522771288159561143522", "-0.071643273537579396511567248790240505708822055307843", "-0.094437629432621232236053794488920931276038868131461", "-0.1373163337916395811062080365772233932560653728283", "-0.2360156641658014953647427195114653310567584503461", "0.028493221226348828956613188399516285438497761494482", "0.26655121807928412084583350551939974028422835215101", "0.16272000385995849424556370385687697771504887023197", "0.11789747625105432800582553959110698850361531031335", "0.093799630854997671653252603958053323143271555061216", "0.078731607383118922643128192541039068529047866366651", "0.068359217230874151870032437703376337253331029270587", "0.060737211291117612864801464289611016726951462224584", "0.054867360202112612793893918390432048112931904249618", "0.05018535582620065728255626623290045298882939456133", "0.046348061796954801825195409902253787711965210688453", "0.043134621685203878149471290927433720482918195848636", "0.040396255356150566418710281749566272979162241933022", "0.038028923978048129745229478328627269017687523371449", "0.035957573991695977022762666572480108185158756268196", "0.034126615458616276005772329574623866375116651119613", "0.032493933722152480439241703635575735922639564411047", "0.03102699246153144765323579436071934341179757883634", "0.029700221693571515176177822740833120500181827012746", "0.028493221226348828956613188399516285438497761494482", "0.027389496517253951735808851755619495078668295952322", "0.026375550971996129482605187207875723223897001587922", "0.025440222274944441453976983450450617106997608103131"], ["-0.013964772347355990476380779985587539279956416810816", "-0.014628721260766960738123984365265509850282511984915", "-0.015358919244620971911017111470832575219332028665526", "-0.016165796060890561167278282229206611843812662681299", "1.082856792538195238449068158308189383454113818771", "-0.018063525952986053997909155575070904317985238636642", "-0.019189738806595376927440092917162649392828577457509", "-0.020465574310269107559226588042128666082412846198408", "-0.021922934765955295058147138870254527900877839344712", "-0.02360347292707881806575277302104943001185462968295", "-0.025562618896420249576906548804288167307883650075347", "-0.027875778270567183280794183773169450854402610855353", "-0.030648198681192898926510930719316798142532938811691", "-0.034031306719052482488110668123376358353388383138404", "-0.038251052279489448391655635513083984054243381526809", "-0.043659935536991988451478057283550997854000947124326", "-0.050839352342475644602685958431131914402212344357755", "-0.060819259579439083224345936890316322014647784102155", "-0.075605950500200027607587889258885783842037011924025", "-0.099655751657403276973972161972901885904853948494805", "-0.14488824239981139485239114622397444209433116721249", "-0.24894800934844331502341709817512760865751996726756", "0.030974277742306572852384936767778668620848340615359", "0.2814310609287669988465235996114316535541252476685", "0.17166429385600094701620580316118115719299194687764", "0.12428144159924217987121143586826477899634997569405", "0.098798059351174409508731280602928774733593564958603", "0.082857581445901943678363256661484532893085280673084", "0.071881092784697681579920384367233960132378683101916", "0.06381333158519793982608465415036372186978202722082", "0.057599404673766581023169772260418150418960541439269", "0.052642805896092924632550138398163677612260581866613", "0.048580699577592136217783756049805944838957277594516", "0.045179463676448513987979896898352352632115811660013", "0.0422816570700519373382432338821920358065947387535", "0.039777140753497764935955535120815458722897206792505", "0.037586429305839306341201446222532818186064113110368", "0.035650627928904361980713257205042971775690266689337", "0.03392510224518315813355111498453992262165286520788", "0.032375357847886362190964767977574370704815014308273", "0.030974277742306572852384936767778668620848340615359", "0.029700221693571515176177822740833120500181827012746", "0.028535688427205123127995355281535971576628321179523", "0.027466354742070147191576558219082962584607505799953", "0.026480372733340316519508365092442047830767864872741"], ["-0.014784523068482003180686455103484212287562181175981", "-0.015487422433821734053070277167716858467208193647847", "-0.016260454814075999273314459505578684918883098655898", "-0.017114661006938307582593718902138758080898950658971", "-0.018063525952986053997909155575070904317985238636642", "1.0236225983568140742919341233027615826027191690582", "-0.020315951660204699856971030259254394467671916278376", "-0.02166659848891063433988530427565754696462664997929", "-0.023209404370278375411559799968649069095175372914069", "-0.024988459670602009082713677382544061435321977444527", "-0.027062437485107088692706027450131619905863332363088", "-0.029511153656830704827941688472852541943805506225138", "-0.032446009070936733916311184311351925831754038836698", "-0.036027279314810786049385857191914540107813776201124", "-0.040494110760212047768738577728418770691605397403494", "-0.046219576495392581896834947454399007207602517973094", "-0.053818972923338334657665667781682915318960263059675", "-0.064382237381643502326549001999920106822702996224281", "-0.080032290849985717885255484157640774574656379099977", "-0.10548376777914736432940523385846124173248742777039", "-0.15334322349626641757602327893390134461275422911755", "-0.263378289560659393837511344587631152678740887807", "0.033858854430264962667108118670299231734897374689006", "0.29806964908886439067121430823290401788035360801879", "0.18164996858278973654326448519993126569356969348365", "0.13139868997685359156466746544043156316206673641058", "0.10436289674661062205666653946854780706938303179647", "0.08744490450948776175455745721769159822086121336898", "0.07579172838198827877895645132124721510848146230794", "0.067224867315955606235417729555590164627605663298214", "0.060625921898836686424012929373837712608438372642306", "0.055362280197980577656798572781749623071116190347507", "0.051049004226872809929476086109986568881807000417892", "0.04743814187749974855890450591526032609461942059918", "0.04436252545015669566017952317382179236261473797385", "0.041705162977047225567084358144011670824259954973477", "0.039381589152898188932785659183745841492646350263497", "0.037329195237713437480045207604421530403617626230774", "0.035500515220885255470868092880285705256187353203169", "0.033858854430264962667108118670299231734897374689006", "0.032375357847886362190964767977574370704815014308273", "0.03102699246153144765323579436071934341179757883634", "0.029795126653696776563830612331714535789996255228608", "0.028664509497203205117615655950508064345202051706179", "0.027622523981707659353288301519814174808941021372982"], ["-0.015706427833769119293400550962779242650913803693047", "-0.016453128279098327213850427786024365667300938173953", "-0.017274329025608174419228602193997612306080303061517", "-0.018181757891360438340719489354510636876489939198773", "-0.019189738806595376927440092917162649392828577457509", "-0.020315951660204699856971030259254394467671916278376", "0.96052227605730193092172728295712135228799887539432", "-0.023017245317616568822799578292060699461581383680204", "-0.024656130725315213188854184823346406408927101231915", "-0.02654596234073444549129455975697395042453866449991", "-0.028749058941332685901639776747850926265411186384266", "-0.031350194056155905822135820115572171439032224214491", "-0.034467685306058739592867876653368181059101059263085", "-0.038271754694040226934016546753723132342119756190089", "-0.043016380647712966257709521162064317719597082544134", "-0.049097757032635679901264271587192853067594807050285", "-0.057169275049651698137735131533925767404089097737805", "-0.068388263356319757096510635794526080673160367128454", "-0.08500865244913413605427918864917297291690508433511", "-0.11203513824983526159651555721224638382978092865439", "-0.16284517148455654027024129669637612676597439432034", "-0.27958244542068970676954736554285626989281215257557", "0.037244779810919316574863065478396333372557955374467", "0.31679821383880963129051932814420745390082569768332", "0.19287029748517831634327756939210824681363867180376", "0.13938367111564613321843791258252029777415824444684", "0.11059683916695138815234841795493791714623577920021", "0.092576373850901688497963575668974740729838981447426", "0.080160259292997050535134973211270015543761161334591", "0.071030989880136489108999849547539928066530775453718", "0.063998499963796744185720594358549883736609634680668", "0.058389409472307988757349356903389783772667714612543", "0.053793810222529637228954821354957375164479266444671", "0.049947552749266579981714710958760871300630210853904", "0.046672471061241031214363471510717370463696404197143", "0.043843822102469705754120750847572569627430019499403", "0.041371507180001618559110882165179182691323625814893", "0.039188716105388216103819924954862689270433417924618", "0.037244779810919316574863065478396333372557955374467", "0.035500515220885255470868092880285705256187353203169", "0.03392510224518315813355111498453992262165286520788", "0.032493933722152480439241703635575735922639564411047", "0.03118710105130515090885288018146367274159814888158", "0.029988305744700716062874755577798941610414861651708", "0.028884062814389563543031968145579137158325572363807"], ["-0.016750830331461612083314697724105165052437743691212", "-0.017547147785518034148675286203697087966347679091661", "-0.018422912284009853299942797413610229737180519185255", "-0.01939062974792447096123951158889815252276280031913", "-0.020465574310269107559226588042128666082412846198408", "-0.02166659848891063433988530427565754696462664997929", "-0.023017245317616568822799578292060699461581383680204", "0.89299851002030690903101255871714847054173229231127", "-0.026295016133013857554908791354632113356272818783627", "-0.028310320852293383825542050489430575906017304909764", "-0.030659663482571391594586509566447668533354453952287", "-0.033433431240790740071969880571450039433394934348063", "-0.036757773303747173746881536325629677378604994379661", "-0.040814172923444169952552708164000204488876151608403", "-0.04587339998058388017698237014349340604217075381041", "-0.052357820997013068786072358249084372268346484971545", "-0.060963945019877823617172415227466330508812177077538", "-0.072925365160190075923881741544772618794318265473279", "-0.090644234915635733075322789590728634140116329849193", "-0.1194532959941868193276585554555951908604642240689", "-0.17360116580509038422773681349670808271246616436958", "-0.29790853114233778805145792177505595349504292178238", "0.041262248152821708934707241729760135561500577978112", "0.33803668003608626879760175979647421348597614026854", "0.20556956470887213311775269572647112600629867506753", "0.14840594425082739444295110651999701984281044600946", "0.11762915940298128062472462828372731802033141935181", "0.098356054809327601364001733367026512739409999703808", "0.085073473798264365742655666140000049591634615859105", "0.075305909661852537196808914449339956590535873596169", "0.067781793236901670838264949691185126484357070261575", "0.061781353421888178656522229203200220574094760374741", "0.056866252444135485471024997340838098149521692449667", "0.052753891136454393397272952853023239406869118335985", "0.049253571667865386771295436318227669349817803748156", "0.046231717367472786989010762602559472094894712470103", "0.043591808990264314675728484249911592420734143383689", "0.041262248152821708934707241729760135561500577978112", "0.039188716105388216103819924954862689270433417924618", "0.037329195237713437480045207604421530403617626230774", "0.035650627928904361980713257205042971775690266689337", "0.034126615458616276005772329574623866375116651119613", "0.032735796661845771472614378994992940518831849811917", "0.031460682163098418420810153740850598306859201799816", "0.030286800872011350904270658589839673283187922527159"], ["-0.017943853556655642767263959427921033590417128077764", "-0.018796843263731723206708644082402091593479841904799", "-0.019734929592177187342437129737113877007029235784983", "-0.02077150702494234827997336754204494468946480401203", "-0.021922934765955295058147138870254527900877839344712", "-0.023209404370278375411559799968649069095175372914069", "-0.024656130725315213188854184823346406408927101231915", "-0.026295016133013857554908791354632113356272818783627", "0.82036096619702001712377941995057398719944194857436", "-0.0303256255715729100961753096242290384557617910359", "-0.032841987157350158614425368672355446121895271536617", "-0.035812902943383034244323576977056014792435639536208", "-0.03937346259643050279487472256837906838418803827867", "-0.043718004281530232432081491525873822715396818173358", "-0.049136463955178883947327966608303621489820409648207", "-0.056081078834727241819095724948291837827214151569819", "-0.065297561130735819374955368211570607652879596864277", "-0.078106515052098544631545402677010452731878870661018", "-0.09707915679389792062736418941433828621850068095575", "-0.12792223052702072494336307946477365245175435182211", "-0.18587667827776342811713914867521441349214894316841", "-0.31880187845074732116657708565355009504417908355152", "0.046087767030381392255394101235788153341341534889665", "0.36232545978069294388776912987321463527545940420536", "0.22006110101149000753479403866904007846645939343322", "0.15868247133222982103106051227732814532510946158552", "0.12562494693275878830137092937474728643014276591489", "0.10491663749050346762289176098395591411286699015051", "0.090641898294828276907533889014731657739029987591241", "0.080144048985417603613557376630481483730860097042826", "0.072058011844625103947045574284176819204385701581811", "0.065610760793840441100497490966584235092806394251191", "0.060331305301516708097105571869816023628929797084387", "0.055915847427233123435360222621329453517394795820769", "0.052159286583283819245380214305645353300052058460917", "0.048917892682305625675822597934307308593086102516537", "0.046087767030381392255394101235788153341341534889665", "0.043591808990264314675728484249911592420734143383689", "0.041371507180001618559110882165179182691323625814893", "0.039381589152898188932785659183745841492646350263497", "0.037586429305839306341201446222532818186064113110368", "0.035957573991695977022762666572480108185158756268196", "0.034471997038165172326365060475864265632805516535315", "0.033110844971558769162973552172150104354377259530772", "0.031858518011039828917025643310519445134284054230236"], ["-0.019319606002757561359365220560844145242122090628668", "-0.020237941052211871567891977275130459951265085546187", "-0.021247886160662290592971155435273185785419600820829", "-0.022363860116047441916007024555742293650514301849341", "-0.02360347292707881806575277302104943001185462968295", "-0.024988459670602009082713677382544061435321977444527", "-0.02654596234073444549129455975697395042453866449991", "-0.028310320852293383825542050489430575906017304909764", "-0.0303256255715729100961753096242290384557617910359", "0.74173964154640733113499994544489564929376534002612", "-0.035358348743127407132675427720481853788028752037333", "-0.038556541629288096318397710653469502960772563786361", "-0.04238940827138303369444119354976241169366345402626", "-0.047066098959019563016058037001285018780305574957722", "-0.052898631631900078717558498005118538096632133370668", "-0.060373654378586297106249127502302304389122878325472", "-0.070293551924901949271923948009762260395324997696902", "-0.084079126237164248948466664308608129516393505614158", "-0.10449621581860069957527406494657264708102722428018", "-0.13768189102256550642808185644882811385135360790073", "-0.20001768306923529339177222495257672031363868427137", "-0.34284156619067852208911056698932684975988052459449", "0.051965720307454800128591748225020245018041790730093", "0.39037196587728336202947944698017489768483234672259", "0.2367535494503608687101919952219246862612741390645", "0.17049547738871749172651275114617546931141391487436", "0.134798510021248888207108943433510599658725386912", "0.11243009654950771082950659823996618925556858910532", "0.097008610077270444644571215258887483854545344361091", "0.085667532713267129299044010943217009840191191446762", "0.076933423150158342711008473517910431473916534563607", "0.069971505628631957063982618266166656617741311764241", "0.06427291099165103932290039280433972198043812700266", "0.059509242135516708165840869798227724016276320273131", "0.05545868306947808841904243526284032897028461244079", "0.051965720307454800128591748225020245018041790730093", "0.048917892682305625675822597934307308593086102516537", "0.046231717367472786989010762602559472094894712470103", "0.043843822102469705754120750847572569627430019499403", "0.041705162977047225567084358144011670824259954973477", "0.039777140753497764935955535120815458722897206792505", "0.038028923978048129745229478328627269017687523371449", "0.036435561359672386945229920175867093029428768279897", "0.034976623516944995023536753989690667378204878665086", "0.03363520782768590717454567053722654466542822123784"], ["-0.020923480276794545936696241276807916096712756769534", "-0.021917986351202486630645693991280614822016604045203", "-0.023011693983470430160434189470924269285745744722892", "-0.02422021563420172266124536786499080224158779473334", "-0.025562618896420249576906548804288167307883650075347", "-0.027062437485107088692706027450131619905863332363088", "-0.028749058941332685901639776747850926265411186384266", "-0.030659663482571391594586509566447668533354453952287", "-0.032841987157350158614425368672355446121895271536617", "-0.035358348743127407132675427720481853788028752037333", "0.65601570091849934365181256750593243225483574885887", "-0.04175473451544878550411999358645715213351637553539", "-0.045904938035510846975324076464402690646480805020723", "-0.050968682364316948310518906761552740444397849264519", "-0.057283702354093246613779265576277709173782978704002", "-0.0653767155056780751009638674586663945093417035831", "-0.076116085788531039628465368057975661496541038640164", "-0.091039237307740940636436840964054740334731327553705", "-0.11313844920303486113059889459983399624265203331053", "-0.14905117349805862857201590408531103163616748077444", "-0.21648361650184608201768190467578620696619967749477", "-0.37079458595863771435787739783194912212095795846332", "0.059242726061669984067030679553812086585214335960712", "0.42312045161731495965733751426484080164428320047335", "0.25619011360703860269896823971781086769336720271463", "0.1842190657975071516504586297372859575180434260018", "0.14543331369402240666584546663063512799914752059633", "0.12112353450789801188610554094352195649342725623135", "0.104362330011736991965529362091074669279132794161", "0.092037315947814210163871349820253792136413293735399", "0.082548011744822630203192668579830045737013798893654", "0.074987212979668117263823477598864204732301790992887", "0.068801604615959150525426566464558884515368439686297", "0.06363391999980558274403723055991074913820262776489", "0.059242726061669984067030679553812086585214335960712", "0.05545868306947808841904243526284032897028461244079", "0.052159286583283819245380214305645353300052058460917", "0.049253571667865386771295436318227669349817803748156", "0.046672471061241031214363471510717370463696404197143", "0.04436252545015669566017952317382179236261473797385", "0.0422816570700519373382432338821920358065947387535", "0.040396255356150566418710281749566272979162241933022", "0.038679121050384880510164462297627997617474315789811", "0.037107986312704764785846214041514077110514988686371", "0.03566443007976865171299334989774737991405930868711"], ["-0.02281723066212674953373476421404875573642217665734", "-0.023901661167627116517993123950798268553166581194222", "-0.025094254042579136309732612150427922935498037035392", "-0.026412030494357605516604696080174095978078867333597", "-0.027875778270567183280794183773169450854402610855353", "-0.029511153656830704827941688472852541943805506225138", "-0.031350194056155905822135820115572171439032224214491", "-0.033433431240790740071969880571450039433394934348063", "-0.035812902943383034244323576977056014792435639536208", "-0.038556541629288096318397710653469502960772563786361", "-0.04175473451544878550411999358645715213351637553539", "0.56171544128686878507954661215543507332234064937519", "-0.050055141555572908446528159342348229159445234506056", "-0.055575656288751029713718363349100534599838586129083", "-0.062460024966974733650332356239551228187205179760205", "-0.071282210753235397500174835926718705103298035595028", "-0.082988356043147490453334442952279363369145971261118", "-0.099253321106456299825156315526987671701600486223424", "-0.1233361227298328719343815947446021168296714129927", "-0.16246322837088485895550289289766776657399886892933", "-0.23589793672255689274141100590793387972538671104582", "-0.40369857110295660724325313825649831911970211675611", "0.068424313386862599482589831657472926468735309733085", "0.46186005046171193842079230658578229779243316514075", "0.27910894807799917102228271920275456152620440104155", "0.20036005153414686144721424568898189392172626896875", "0.15791251690798715281050983064510794667465844700512", "0.13130342632185718672299463685164565078261123321677", "0.11295745145451262593433226536622359995046509826079", "0.099470207640217709923204202231737733484742719805998", "0.089090261547994809977261756062266214045989071232025", "0.080824310354423962402220651158130272575592699319301", "0.074066192193645242717309735990797743403410573744472", "0.068424313386862599482589831657472926468735309733085", "0.06363391999980558274403723055991074913820262776489", "0.059509242135516708165840869798227724016276320273131", "0.055915847427233123435360222621329453517394795820769", "0.052753891136454393397272952853023239406869118335985", "0.049947552749266579981714710958760871300630210853904", "0.04743814187749974855890450591526032609461942059918", "0.045179463676448513987979896898352352632115811660013", "0.043134621685203878149471290927433720482918195848636", "0.041273761552508547155786541519695260512667563897075", "0.039572446338584563232407658029888178024390968818301", "0.038010465370532816477148299700299032400349480936276"], ["-0.025087056569913929443134213808073711855007431478066", "-0.02627925029380400669331449080457553769919191331348", "-0.027590342793878513523412166869619953557892756782458", "-0.029039042834492639175485080887082332998230685908314", "-0.030648198681192898926510930719316798142532938811691", "-0.032446009070936733916311184311351925831754038836698", "-0.034467685306058739592867876653368181059101059263085", "-0.036757773303747173746881536325629677378604994379661", "-0.03937346259643050279487472256837906838418803827867", "-0.04238940827138303369444119354976241169366345402626", "-0.045904938035510846975324076464402690646480805020723", "-0.050055141555572908446528159342348229159445234506056", "0.45684121588711887639714123095620132535423333704525", "-0.06109617102192915098090856735585284004023193775211", "-0.06866246667267564625223445468815272770108515238728", "-0.078357900485789560518057061454842197084582302624685", "-0.091221659665041135955036013854762146921571155449884", "-0.1090929570166329781008819467639155602100315365669", "-0.13554961959220953251569050064497776477470910940714", "-0.17852152648735799474249928340557055763322081670408", "-0.25912828611842989077827136172863208604612939561329", "-0.44299228549711035155400035813584832911528621478389", "0.080272258881106150275501630757455042031553364156998", "0.50839779519055601540873053076106689115169483783591", "0.30653928888079684431135029241484646075000853733719", "0.21962275869489453605442519992216113415873946154373", "0.17276734965538430004315540135849767351995156711306", "0.14339399751368585973429615659791190944541499773163", "0.12314573851764297183313604191050933926983449405872", "0.108265816416440687474364929383154554816753775942", "0.096820561720415238778583418029189238668513199328585", "0.08771270256021327139426006223710282529848943267853", "0.080272258881106150275501630757455042031553364156998", "0.074066192193645242717309735990797743403410573744472", "0.068801604615959150525426566464558884515368439686297", "0.06427291099165103932290039280433972198043812700266", "0.060331305301516708097105571869816023628929797084387", "0.056866252444135485471024997340838098149521692449667", "0.053793810222529637228954821354957375164479266444671", "0.051049004226872809929476086109986568881807000417892", "0.048580699577592136217783756049805944838957277594516", "0.046348061796954801825195409902253787711965210688453", "0.044318058322777929009197031548430043501737990510513", "0.042463658851299320383341071493508707288385685054571", "0.040762515586973620381013189045381759324093065793849"], ["-0.027856988450838177253732241004056721715409316576069", "-0.029180660354481102050613997183848646227611915350032", "-0.03063632717824675329227547600473203414719631868879", "-0.032244755653236290356027429533959383702430811092694", "-0.034031306719052482488110668123376358353388383138404", "-0.036027279314810786049385857191914540107813776201124", "-0.038271754694040226934016546753723132342119756190089", "-0.040814172923444169952552708164000204488876151608403", "-0.043718004281530232432081491525873822715396818173358", "-0.047066098959019563016058037001285018780305574957722", "-0.050968682364316948310518906761552740444397849264519", "-0.055575656288751029713718363349100534599838586129083", "-0.06109617102192915098090856735585284004023193775211", "0.3385890123160183947227763071966014064759122986309", "-0.07622876232342214152356034202045261536193836702245", "-0.086988765217719765286631308504336875606757485060972", "-0.10126348921274513094641182935439858254868422801581", "-0.12109215351530893488087529161593124025248143627059", "-0.15044030930626560882264688730280274972160454373814", "-0.19809241906492946870276440274719017723205229652941", "-0.2874185882750728536064660466390291211898290324506", "-0.49072929980650800162563683198334776524966799941287", "0.095979862203665628192880541658933695595085064369122", "0.56534719181180453204769444057275886427088751539471", "0.33996069432649920751973746148491003354912130779985", "0.24301600283796317664070301386199563200865374481839", "0.19075685124594687319885262972114002071688875979499", "0.15800043812337264621395363688032367726581835026618", "0.13542853248694778002073901586160015122383892284611", "0.11885094063133880237781952292934251699531538304788", "0.10610978129349432052914177011066230212196879562745", "0.095979862203665628192880541658933695595085064369122", "0.08771270256021327139426006223710282529848943267853", "0.080824310354423962402220651158130272575592699319301", "0.074987212979668117263823477598864204732301790992887", "0.069971505628631957063982618266166656617741311764241", "0.065610760793840441100497490966584235092806394251191", "0.061781353421888178656522229203200220574094760374741", "0.058389409472307988757349356903389783772667714612543", "0.055362280197980577656798572781749623071116190347507", "0.052642805896092924632550138398163677612260581866613", "0.05018535582620065728255626623290045298882939456133", "0.047953031748457483491614465993405315348012815623017", "0.04591565318040693609548272612182075886600627248146", "0.044048279671131774295913890864776423819716453005009"], ["-0.031312115156022746130148533933799285547304248750811", "-0.03279974512132272047160986986358741308409856547868", "-0.034435696773678035644882548172708749248424822716595", "-0.036243301714162276825803148850913313853295134359035", "-0.038251052279489448391655635513083984054243381526809", "-0.040494110760212047768738577728418770691605397403494", "-0.043016380647712966257709521162064317719597082544134", "-0.04587339998058388017698237014349340604217075381041", "-0.049136463955178883947327966608303621489820409648207", "-0.052898631631900078717558498005118538096632133370668", "-0.057283702354093246613779265576277709173782978704002", "-0.062460024966974733650332356239551228187205179760205", "-0.06866246667267564625223445468815272770108515238728", "-0.07622876232342214152356034202045261536193836702245", "0.20284966283278787631561885430140423812234350692397", "-0.097748768112017389049702274988221135851576603099494", "-0.11378085265740662565783757302137156614205715851249", "-0.13604661724593786599998027481442411521599579268664", "-0.16899319605197647564741852362339028331152108791706", "-0.2224651504132309341386052148925376896060750824308", "-0.32261689260034797228695033074212520549447747668862", "-0.54994366230409169592593347340661850094791508975436", "0.11750594026955159940743565211885698446471299329307", "0.63663340893794082911116719419422680645231261344107", "0.38157963999149134242406724183544629844022727528208", "0.27203825421627093283745422803312729086052575498573", "0.21300565237672762442572037736627274039012435369645", "0.17601806892697224527068548141115262285256886698069", "0.15054691068768848870247468428174677740853730069386", "0.13185625416165619863791151392599552581913229971924", "0.11750594026955159940743565211885698446471299329307", "0.10610978129349432052914177011066230212196879562745", "0.096820561720415238778583418029189238668513199328585", "0.089090261547994809977261756062266214045989071232025", "0.082548011744822630203192668579830045737013798893654", "0.076933423150158342711008473517910431473916534563607", "0.072058011844625103947045574284176819204385701581811", "0.067781793236901670838264949691185126484357070261575", "0.063998499963796744185720594358549883736609634680668", "0.060625921898836686424012929373837712608438372642306", "0.057599404673766581023169772260418150418960541439269", "0.054867360202112612793893918390432048112931904249618", "0.052388095822453184385013566279614527159082500717498", "0.050127529577090697392691107781899151080762984188492", "0.048057514404283571489896365294284058459104947005925"], ["-0.03574122535308905565811878333742740890092240570739", "-0.037438961049229482512902184515346964710346996737309", "-0.039305933030473370522176373312363548217898036592203", "-0.041368757247316869511128076029022299019818590087407", "-0.043659935536991988451478057283550997854000947124326", "-0.046219576495392581896834947454399007207602517973094", "-0.049097757032635679901264271587192853067594807050285", "-0.052357820997013068786072358249084372268346484971545", "-0.056081078834727241819095724948291837827214151569819", "-0.060373654378586297106249127502302304389122878325472", "-0.0653767155056780751009638674586663945093417035831", "-0.071282210753235397500174835926718705103298035595028", "-0.078357900485789560518057061454842197084582302624685", "-0.086988765217719765286631308504336875606757485060972", "-0.097748768112017389049702274988221135851576603099494", "0.043266125812070661642044628247676233419982267132581", "-0.12981293720279586226597287105452199643253771392548", "-0.15519554181289810447511927472752560489820538748022", "-0.19274133869862950451332393983511333246483591618959", "-0.25364424598853432041083094986861682804469970226362", "-0.36759051749801408893439994189290601942305765140645", "-0.6253094780027707470719720064763513951306381708635", "0.14825661289549002632988392741986814450989722134915", "0.72843118106918560638127587784203279924029876550864", "0.4348383520029923125878194103714093466