{ "cells": [ { "cell_type": "code", "execution_count": 1, "id": "310cd108", "metadata": {}, "outputs": [ { "name": "stdout", "output_type": "stream", "text": [ "['.kernel_llm_logs_1.txt', 'absZ_peaks.npy', '.prompts', 'Sre.npy', '.config', 'eigvals.npy', 'M.npy', 'Sim.npy', ' v6 — Binding Context Document.pdf', 't_peaks.npy', 'memory', 'eigvecs.npy']\n" ] } ], "source": [ "import os\n", "os.chdir('/workspace/5c80f99c-20f2-4bfb-b4c5-1a09a68631e3')\n", "print(os.listdir('.'))\n" ] }, { "cell_type": "code", "execution_count": 2, "id": "afcd1c27", "metadata": {}, "outputs": [ { "name": "stdout", "output_type": "stream", "text": [ "./absZ_peaks.npy\n", "./t_peaks.npy\n" ] } ], "source": [ "import numpy as np\n", "# Look for the regenerated artifact\n", "import os\n", "for root, dirs, files in os.walk('.'):\n", " for f in files:\n", " if 'Sk' in f or 'peaks' in f.lower() or 'regen' in f.lower():\n", " print(os.path.join(root, f))\n" ] }, { "cell_type": "code", "execution_count": 3, "id": "98ac1415", "metadata": {}, "outputs": [ { "name": "stdout", "output_type": "stream", "text": [ "t_peaks: (200,) [77403.72199902 74956.02499905 94526.75799877 97255.12399873\n", " 63751.86299922]\n", "absZ: (200,) [28.21621063 27.69408256 27.29913523 26.61383697 26.07324657]\n", "M: (8, 8)\n", "Sre: (200, 8)\n", "Sim: (200, 8)\n", "eigvals: (8,) [1.09367139e+02 2.34527702e+00 8.28100284e-01 3.65630971e-01\n", " 1.67650138e-01 1.25576430e-02 8.73536588e-03 6.81321096e-06]\n" ] } ], "source": [ "t_peaks = np.load('t_peaks.npy')\n", "absZ = np.load('absZ_peaks.npy')\n", "M = np.load('M.npy')\n", "Sre = np.load('Sre.npy')\n", "Sim = np.load('Sim.npy')\n", "eigvals = np.load('eigvals.npy')\n", "eigvecs = np.load('eigvecs.npy')\n", "print('t_peaks:', t_peaks.shape, t_peaks[:5])\n", "print('absZ:', absZ.shape, absZ[:5])\n", "print('M:', M.shape)\n", "print('Sre:', Sre.shape)\n", "print('Sim:', Sim.shape)\n", "print('eigvals:', eigvals.shape, eigvals)\n" ] }, { "cell_type": "code", "execution_count": 4, "id": "9c7be743", "metadata": {}, "outputs": [ { "name": "stdout", "output_type": "stream", "text": [ "1 1 1\n", "2 -1 -1\n", "3 0 -1\n", "4 1 1\n", "5 -1 0\n", "6 0 1\n", "7 1 -1\n", "8 -1 -1\n", "9 0 1\n", "10 1 0\n" ] } ], "source": [ "\n", "# Plan:\n", "# 1. Construct F12: L(s) = L(s, χ_3) + c·L(s, χ_5), with χ_3 mod some N, χ_5 mod some N.\n", "# Per the doc: \"L(s,χ_3)+L(s,χ_5)\" suggests primitive characters mod 3 and mod 5.\n", "# There's only one non-trivial char mod 3 (real, order 2), and 3 non-trivial chars mod 5 (one real, two complex).\n", "# For DH-style construction, typical choice uses two primitive characters and a real coefficient c.\n", "# \n", "# Strategy: Use χ_3 (real primitive mod 3) and χ_5 (the real primitive mod 5, the Legendre symbol mod 5).\n", "# Both are real characters. Their L-functions have only on-line zeros (assuming GRH for them).\n", "# The combination L(s,χ_3) + c L(s,χ_5) won't generally have an Euler product.\n", "# We can find a value of c (and a known location ρ_0) where this sum has an off-line zero.\n", "\n", "# Method: Find an off-line zero by searching. For DH-style: the linear combo's zeros move continuously with c.\n", "# \n", "# Alternative more standard DH approach:\n", "# L_DH(s) = L(s, χ_5) + κ L(s, χ̄_5) where χ_5 is a complex primitive char mod 5.\n", "# But the problem specifies \"L(s,χ_3)+L(s,χ_5)\".\n", "# \n", "# Let's use: L(s) = L(s, χ_3) + c · L(s, χ_5_real)\n", "# Both are real, so the L-function is real on the real axis and has functional equation related to a degree 2 (sum) or sum of degree 1 functional equations.\n", "# Since the conductors differ (3 vs 5), there is no joint functional equation. This is \"DH-style\" in the loose sense.\n", "\n", "# Approach: pick c, then find a zero off the line by doing a 2D search of |L(s)| in complex plane, then refine.\n", "\n", "import mpmath as mp\n", "mp.mp.dps = 30\n", "\n", "def chi3(n):\n", " n = n % 3\n", " if n == 0: return 0\n", " if n == 1: return 1\n", " return -1 # n=2\n", "\n", "def chi5(n):\n", " # Legendre symbol mod 5, real primitive char of conductor 5\n", " n = n % 5\n", " if n == 0: return 0\n", " if n in (1,4): return 1\n", " return -1 # n in (2,3)\n", "\n", "# Verify primitivity & multiplicativity quickly\n", "for n in range(1,11):\n", " print(n, chi3(n), chi5(n))\n" ] }, { "cell_type": "code", "execution_count": 5, "id": "67eef8fc", "metadata": {}, "outputs": [ { "name": "stdout", "output_type": "stream", "text": [ "0.781302412896486296867187429624\n", "0.706211403259740969931003175763\n", "(2.48794737869073464253292052988 - 1.48395261060855716388708552008j)\n" ] } ], "source": [ "\n", "# Compute L(s, chi) using mpmath's dirichlet for Dirichlet L-functions\n", "# L(s, chi3): chi3 has chi(1)=1, chi(2)=-1 (mod 3); period 3, c values [0,1,-1]\n", "# L(s, chi5_real): period 5, c values [0,1,-1,-1,1]\n", "\n", "def L_chi3(s):\n", " # mpmath.dirichlet(s, chi) sums chi(n)/n^s with period given chi\n", " return mp.dirichlet(s, [0, 1, -1])\n", "\n", "def L_chi5(s):\n", " return mp.dirichlet(s, [0, 1, -1, -1, 1])\n", "\n", "# Quick test\n", "print(L_chi3(2))\n", "print(L_chi5(2))\n", "print(L_chi3(mp.mpc('0.5','14.1347'))) # should be near a zeta zero? no, chi3 zero\n" ] }, { "cell_type": "code", "execution_count": 6, "id": "b12a34fa", "metadata": {}, "outputs": [ { "name": "stdout", "output_type": "stream", "text": [ "c = (-0.165673300263455633560498529179 + 1.90092523359172020595439504366j)\n", "L(rho0) = (0.0 + 0.0j)\n" ] } ], "source": [ "\n", "# Strategy: Take L(s) = L(s,chi3) + c * L(s,chi5).\n", "# Find c such that L has a zero at a specific off-line location.\n", "# \n", "# DH approach: choose ρ_0 = β_0 + i γ_0 with β_0 ≠ 1/2.\n", "# Set c = -L(ρ_0, chi3) / L(ρ_0, chi5). This makes L(ρ_0) = 0 by construction.\n", "# We want c real to keep the function \"real\"-symmetric, but in general c can be complex.\n", "# Pick a specific ρ_0 and take c = -L(ρ_0, chi3)/L(ρ_0, chi5).\n", "# For c to be real: we need L(ρ_0,chi3)/L(ρ_0,chi5) to be real.\n", "# Easier: just allow c complex; that's still a valid linear combo, F12 is \"DH-style linear combos\".\n", "\n", "# Pick β_0 = 0.7, γ_0 = 7.0 (a moderate t).\n", "beta0 = mp.mpf('0.7')\n", "gamma0 = mp.mpf('7.0')\n", "rho0 = mp.mpc(beta0, gamma0)\n", "val_chi3 = L_chi3(rho0)\n", "val_chi5 = L_chi5(rho0)\n", "c = -val_chi3 / val_chi5\n", "print('c =', c)\n", "# Verify\n", "test = L_chi3(rho0) + c*L_chi5(rho0)\n", "print('L(rho0) =', test)\n" ] }, { "cell_type": "code", "execution_count": 7, "id": "f14260b0", "metadata": {}, "outputs": [ { "name": "stdout", "output_type": "stream", "text": [ "M(zeta) =\n", " [[1.00000000e+00 4.30589687e+00 6.87779295e+00 5.16182700e+00\n", " 3.07313930e+00 1.27041962e+00 1.46595802e-01 8.95143350e-04]\n", " [4.30589687e+00 1.92464107e+01 3.09664219e+01 2.30616352e+01\n", " 1.30165210e+01 5.01726192e+00 5.50960506e-01 3.03436949e-03]\n", " [6.87779295e+00 3.09664219e+01 5.08765295e+01 3.79151961e+01\n", " 2.06160550e+01 7.77395945e+00 8.42244441e-01 4.32790213e-03]\n", " [5.16182700e+00 2.30616352e+01 3.79151961e+01 2.92789402e+01\n", " 1.58931847e+01 5.91365607e+00 6.58473052e-01 3.56324123e-03]\n", " [3.07313930e+00 1.30165210e+01 2.06160550e+01 1.58931847e+01\n", " 1.03395994e+01 4.22352638e+00 4.72801301e-01 2.73243718e-03]\n", " [1.27041962e+00 5.01726192e+00 7.77395945e+00 5.91365607e+00\n", " 4.22352638e+00 2.29453149e+00 3.15788172e-01 2.39304083e-03]\n", " [1.46595802e-01 5.50960506e-01 8.42244441e-01 6.58473052e-01\n", " 4.72801301e-01 3.15788172e-01 5.90709810e-02 6.33235313e-04]\n", " [8.95143350e-04 3.03436949e-03 4.32790213e-03 3.56324123e-03\n", " 2.73243718e-03 2.39304083e-03 6.33235313e-04 1.54692060e-05]]\n", "Shape S_re: (200, 8) S_im: (200, 8)\n" ] } ], "source": [ "\n", "# Good. F12 is now: L_F12(s) = L(s,chi3) + c·L(s,chi5)\n", "# Coefficients: a_n = chi3(n) + c·chi5(n)\n", "# This is non-multiplicative (sum of two multiplicative L-functions with different conductors).\n", "\n", "# For the Dirichlet partial sum at parameters (s = 1/2 + it), we have:\n", "# L_F12(1/2 + it; N) = sum_{n=1}^N (chi3(n)+c*chi5(n))/n^{1/2+it}\n", "# \n", "# But the project's S_k convention is ω-stratified partial sums:\n", "# S_k(t;N) = sum_{n<=N, omega(n)=k} a_n / n^{1/2+it}\n", "\n", "# We need:\n", "# 1. Generate a_n for F12 up to N=10^6\n", "# 2. Compute S_k(t; N) for k=0..7 at the 200 zeta peak t-values\n", "# 3. Form M_jk(F12), compare to M_jk(zeta) loaded from M.npy\n", "\n", "# Let's check: is M.npy the M_jk(zeta) matrix? Yes, from artifact description.\n", "print('M(zeta) =\\n', M)\n", "print('Shape S_re:', Sre.shape, 'S_im:', Sim.shape)\n", "# Sre[i,k] = Re S_k(t_i)\n" ] }, { "cell_type": "code", "execution_count": 8, "id": "3853f286", "metadata": {}, "outputs": [ { "name": "stdout", "output_type": "stream", "text": [ "candidate1 (mean S_j* S_k, real):\n", " [[1.00000000e+00 4.30589687e+00 6.87779295e+00 5.16182700e+00\n", " 3.07313930e+00 1.27041962e+00 1.46595802e-01 8.95143350e-04]\n", " [4.30589687e+00 1.92464107e+01 3.09664219e+01 2.30616352e+01\n", " 1.30165210e+01 5.01726192e+00 5.50960506e-01 3.03436949e-03]\n", " [6.87779295e+00 3.09664219e+01 5.08765295e+01 3.79151961e+01\n", " 2.06160550e+01 7.77395945e+00 8.42244441e-01 4.32790213e-03]\n", " [5.16182700e+00 2.30616352e+01 3.79151961e+01 2.92789402e+01\n", " 1.58931847e+01 5.91365607e+00 6.58473052e-01 3.56324123e-03]\n", " [3.07313930e+00 1.30165210e+01 2.06160550e+01 1.58931847e+01\n", " 1.03395994e+01 4.22352638e+00 4.72801301e-01 2.73243718e-03]\n", " [1.27041962e+00 5.01726192e+00 7.77395945e+00 5.91365607e+00\n", " 4.22352638e+00 2.29453149e+00 3.15788172e-01 2.39304083e-03]\n", " [1.46595802e-01 5.50960506e-01 8.42244441e-01 6.58473052e-01\n", " 4.72801301e-01 3.15788172e-01 5.90709810e-02 6.33235313e-04]\n", " [8.95143350e-04 3.03436949e-03 4.32790213e-03 3.56324123e-03\n", " 2.73243718e-03 2.39304083e-03 6.33235313e-04 1.54692060e-05]]\n", "\n", "candidate2:\n", " [[1.00000000e+00 4.30589687e+00 6.87779295e+00 5.16182700e+00\n", " 3.07313930e+00 1.27041962e+00 1.46595802e-01 8.95143350e-04]\n", " [4.30589687e+00 1.92464107e+01 3.09664219e+01 2.30616352e+01\n", " 1.30165210e+01 5.01726192e+00 5.50960506e-01 3.03436949e-03]\n", " [6.87779295e+00 3.09664219e+01 5.08765295e+01 3.79151961e+01\n", " 2.06160550e+01 7.77395945e+00 8.42244441e-01 4.32790213e-03]\n", " [5.16182700e+00 2.30616352e+01 3.79151961e+01 2.92789402e+01\n", " 1.58931847e+01 5.91365607e+00 6.58473052e-01 3.56324123e-03]\n", " [3.07313930e+00 1.30165210e+01 2.06160550e+01 1.58931847e+01\n", " 1.03395994e+01 4.22352638e+00 4.72801301e-01 2.73243718e-03]\n", " [1.27041962e+00 5.01726192e+00 7.77395945e+00 5.91365607e+00\n", " 4.22352638e+00 2.29453149e+00 3.15788172e-01 2.39304083e-03]\n", " [1.46595802e-01 5.50960506e-01 8.42244441e-01 6.58473052e-01\n", " 4.72801301e-01 3.15788172e-01 5.90709810e-02 6.33235313e-04]\n", " [8.95143350e-04 3.03436949e-03 4.32790213e-03 3.56324123e-03\n", " 2.73243718e-03 2.39304083e-03 6.33235313e-04 1.54692060e-05]]\n" ] } ], "source": [ "\n", "# Definition convention: M_jk(zeta). Let's reverse engineer M from S.\n", "# Likely M_jk = mean_i (S_j(t_i) * conj(S_k(t_i))) or normalized by absZ?\n", "# Or sum/mean of Re(S_j conj S_k)?\n", "\n", "import numpy as np\n", "S = Sre + 1j*Sim # shape (200, 8)\n", "absZ_arr = absZ # Z values at peaks\n", "\n", "# Try various combinations\n", "M_candidate1 = (S.conj().T @ S).real / 200 # mean S_j* S_k (Hermitian, real diag)\n", "print('candidate1 (mean S_j* S_k, real):\\n', M_candidate1)\n", "print()\n", "M_candidate2 = (S.T @ S.conj()).real / 200\n", "print('candidate2:\\n', M_candidate2)\n" ] }, { "cell_type": "code", "execution_count": 9, "id": "a66f5640", "metadata": {}, "outputs": [ { "name": "stdout", "output_type": "stream", "text": [ "N = 1000000\n" ] }, { "name": "stdout", "output_type": "stream", "text": [ "omega max: 7 time: 0.2270059585571289\n", "omega[1]= 0 omega[2]= 1 omega[6]= 2\n" ] } ], "source": [ "\n", "# Perfect: M_jk = (1/N_peaks) * sum_i Re(S_j(t_i)^* S_k(t_i))\n", "# Note M[0,0] = 1.00... Hmm, that's interesting. S_0 corresponds to k=0 (no prime factors, i.e. n=1).\n", "# For zeta, a_n=1, so S_0 = 1 (the n=1 term). |S_0|^2 = 1, mean = 1. Confirms it.\n", "\n", "# Now we need to compute S_k(F12) at the 200 t-values.\n", "# a_n^F12 = chi3(n) + c*chi5(n), where c is complex.\n", "# S_k(t;N) = sum_{n<=N, omega(n)=k} a_n / n^{1/2+it}\n", "# \n", "# For F12, S_0 = a_1 = chi3(1) + c*chi5(1) = 1 + c (a constant).\n", "\n", "# Plan:\n", "# 1. Sieve omega(n) for n=1..N=10^6.\n", "# 2. Compute a_n = chi3(n) + c*chi5(n) [complex array].\n", "# 3. For each t in t_peaks, accumulate S_k(t) = sum_{omega(n)=k} a_n * n^{-1/2-it} via Kahan compensated.\n", "# This is 200 * 10^6 = 2e8 operations: doable in numba with parallelism.\n", "\n", "import numpy as np\n", "N = 10**6\n", "print('N =', N)\n", "\n", "# Build omega(n) via small-prime sieve\n", "def compute_omega(N):\n", " omega = np.zeros(N+1, dtype=np.int8)\n", " is_prime = np.ones(N+1, dtype=bool)\n", " is_prime[:2] = False\n", " for p in range(2, N+1):\n", " if is_prime[p]:\n", " # mark composites\n", " is_prime[p*p::p] = False\n", " omega[p::p] += 1\n", " return omega\n", "\n", "import time\n", "t0 = time.time()\n", "omega = compute_omega(N)\n", "print('omega max:', omega.max(), 'time:', time.time()-t0)\n", "print('omega[1]=', omega[1], 'omega[2]=', omega[2], 'omega[6]=', omega[6])\n" ] }, { "cell_type": "code", "execution_count": 10, "id": "ccfde25c", "metadata": {}, "outputs": [ { "name": "stdout", "output_type": "stream", "text": [ "k=0, count=2\n", "k=1, count=78734\n", "k=2, count=288726\n", "k=3, count=379720\n", "k=4, count=208034\n", "k=5, count=42492\n", "k=6, count=2285\n", "k=7, count=8\n" ] } ], "source": [ "\n", "# omega max = 7 at N=10^6. So k ranges 0..7 (matches the 8 columns).\n", "# Quick check: number of n with each omega value\n", "for k in range(8):\n", " print(f'k={k}, count={(omega==k).sum()}')\n" ] }, { "cell_type": "code", "execution_count": 11, "id": "05028fc3", "metadata": {}, "outputs": [ { "name": "stdout", "output_type": "stream", "text": [ "c = (-0.16567330026345564+1.9009252335917202j)\n" ] }, { "name": "stdout", "output_type": "stream", "text": [ "chi3 first 10: [ 0. 1. -1. 0. 1. -1. 0. 1. -1. 0.]\n", "chi5 first 10: [ 0. 1. -1. -1. 1. 0. 1. -1. -1. 1.]\n", "chi3 vs scalar match: True\n" ] } ], "source": [ "\n", "# k=0 has count 2 (n=1 plus n=0?). omega(0)=0 was set initially. n=0 invalid. So filter starting from n=1.\n", "# Also note for k=0 with zeta a_n=1 we expect only n=1. But here omega[0]=0 too (default). We'll skip n=0.\n", "# Verify: omega array indices 0..N. n=1: omega[1]=0 (correct, n=1 has 0 prime factors).\n", "\n", "# Build coefficients a_n^F12 for n=1..N\n", "c_complex = complex(c) # convert mpmath to Python complex\n", "print('c =', c_complex)\n", "\n", "n_arr = np.arange(0, N+1)\n", "chi3_vec = np.zeros(N+1, dtype=np.float64)\n", "chi5_vec = np.zeros(N+1, dtype=np.float64)\n", "for n in range(1, N+1):\n", " m3 = n%3\n", " chi3_vec[n] = 0.0 if m3==0 else (1.0 if m3==1 else -1.0)\n", " m5 = n%5\n", " if m5==0: chi5_vec[n] = 0\n", " elif m5==1 or m5==4: chi5_vec[n] = 1\n", " else: chi5_vec[n] = -1\n", "# Vectorize via modular arithmetic\n", "n_mod3 = np.arange(N+1) % 3\n", "n_mod5 = np.arange(N+1) % 5\n", "chi3_v = np.where(n_mod3==0, 0.0, np.where(n_mod3==1, 1.0, -1.0))\n", "chi5_v = np.where(n_mod5==0, 0.0, np.where((n_mod5==1)|(n_mod5==4), 1.0, -1.0))\n", "chi3_v[0] = 0\n", "chi5_v[0] = 0\n", "# Sanity check\n", "print('chi3 first 10:', chi3_v[:10])\n", "print('chi5 first 10:', chi5_v[:10])\n", "print('chi3 vs scalar match:', np.allclose(chi3_v, chi3_vec))\n" ] }, { "cell_type": "code", "execution_count": 12, "id": "34840e1c", "metadata": {}, "outputs": [ { "name": "stdout", "output_type": "stream", "text": [ "a_F12[1]= (0.8343266997365444+1.9009252335917202j) (should be 1+c) (0.8343266997365444+1.9009252335917202j)\n", "a_F12[2]= (-0.8343266997365444-1.9009252335917202j) (should be -1-c)\n", "a_F12[6]= (-0.16567330026345564+1.9009252335917202j) (chi3(6)=0+c*chi5(6))\n" ] } ], "source": [ "\n", "# a_n^F12 (complex)\n", "a_F12 = chi3_v + c_complex * chi5_v\n", "a_F12[0] = 0\n", "print('a_F12[1]=', a_F12[1], '(should be 1+c)', 1+c_complex)\n", "print('a_F12[2]=', a_F12[2], '(should be -1-c)')\n", "print('a_F12[6]=', a_F12[6], '(chi3(6)=0+c*chi5(6))')\n", "\n", "# Verify zero of L_F12 at rho_0 by computing partial sum at rho_0 with large N\n", "# (Dirichlet series converges only for Re(s)>1, but we can use Euler-Maclaurin via mpmath, \n", "# but for a sum-of-L-functions, mpmath gives us the analytic continuation directly.)\n", "# Already verified L_F12(rho_0) = 0 via mpmath dirichlet. Good.\n" ] }, { "cell_type": "code", "execution_count": 13, "id": "1172798b", "metadata": {}, "outputs": [ { "name": "stdout", "output_type": "stream", "text": [ "Testing on small subset...\n" ] }, { "name": "stdout", "output_type": "stream", "text": [ "compile time: 2.23221755027771\n", "Sre_test:\n", " [[ 0.8343267 2.5653072 -2.44340256 1.1842288 -0.17099876 0.\n", " 0. 0. ]\n", " [ 0.8343267 1.4636977 -1.52243446 0.46940626 0.07452059 0.\n", " 0. 0. ]\n", " [ 0.8343267 -0.44925462 -1.47249786 0.39137932 -0.05247364 0.\n", " 0. 0. ]\n", " [ 0.8343267 -0.54603736 -0.12441587 -0.12148708 0.06227971 0.\n", " 0. 0. ]\n", " [ 0.8343267 -0.18801671 -0.37487927 0.29786765 -0.04620513 0.\n", " 0. 0. ]]\n" ] } ], "source": [ "\n", "# Now compute S_k(t; N) for F12 at all 200 t-values using Numba with Kahan summation.\n", "# Approach: pre-sort indices by omega for cache efficiency.\n", "# Or: just iterate n=1..N and for each n add a_n * n^(-1/2-it) to S[omega[n]].\n", "# \n", "# We'll use numba parallel: parallelize over t (each thread processes one t).\n", "\n", "import numba\n", "from numba import njit, prange\n", "import math\n", "\n", "@njit(parallel=True, cache=True, fastmath=False)\n", "def compute_Sk_complex(a_re, a_im, omega_arr, t_arr, N):\n", " # a_re, a_im: arrays of size N+1 (n from 0..N), a[0]=0\n", " # omega_arr: int8 array of size N+1\n", " # t_arr: array of t values, size T\n", " # Returns S_re, S_im: shape (T, 8) with Kahan compensation\n", " T = t_arr.size\n", " Sre = np.zeros((T, 8))\n", " Sim = np.zeros((T, 8))\n", " for i in prange(T):\n", " t = t_arr[i]\n", " # Local Kahan accumulators per k\n", " sre = np.zeros(8)\n", " sim = np.zeros(8)\n", " cre = np.zeros(8)\n", " cim = np.zeros(8)\n", " for n in range(1, N+1):\n", " ar = a_re[n]\n", " ai = a_im[n]\n", " if ar == 0.0 and ai == 0.0:\n", " continue\n", " ln = math.log(n)\n", " # n^(-1/2 - i t) = e^(-(1/2)ln n) * e^(-i t ln n) = (1/sqrt(n)) (cos(t ln n) - i sin(t ln n))\n", " inv_sqrt_n = 1.0 / math.sqrt(n)\n", " angle = -t * ln\n", " cre_n = math.cos(angle) * inv_sqrt_n\n", " cim_n = math.sin(angle) * inv_sqrt_n\n", " # term = (ar + i ai) * (cre_n + i cim_n)\n", " tre = ar*cre_n - ai*cim_n\n", " tim = ar*cim_n + ai*cre_n\n", " k = omega_arr[n]\n", " # Kahan add to sre[k] and sim[k]\n", " yr = tre - cre[k]\n", " tr = sre[k] + yr\n", " cre[k] = (tr - sre[k]) - yr\n", " sre[k] = tr\n", " yi = tim - cim[k]\n", " ti = sim[k] + yi\n", " cim[k] = (ti - sim[k]) - yi\n", " sim[k] = ti\n", " for kk in range(8):\n", " Sre[i, kk] = sre[kk]\n", " Sim[i, kk] = sim[kk]\n", " return Sre, Sim\n", "\n", "# Test on small N first\n", "print('Testing on small subset...')\n", "import time\n", "a_re = a_F12.real.astype(np.float64)\n", "a_im = a_F12.imag.astype(np.float64)\n", "omega_int = omega.astype(np.int8)\n", "# Warm-up compile\n", "t0 = time.time()\n", "Sre_test, Sim_test = compute_Sk_complex(a_re[:1001], a_im[:1001], omega_int[:1001], t_peaks[:5], 1000)\n", "print('compile time:', time.time()-t0)\n", "print('Sre_test:\\n', Sre_test)\n" ] }, { "cell_type": "code", "execution_count": 14, "id": "606eb5c9", "metadata": {}, "outputs": [ { "name": "stdout", "output_type": "stream", "text": [ "full time: 1.2556006908416748\n", "SreF[0]: [ 0.8343267 3.97835965 -5.89353271 3.02153131 -1.04957025 0.10124223\n", " 0.03988251 0. ]\n", "SimF[0]: [ 1.90092523 -5.79403288 2.25550772 1.74168962 -1.38918377 0.09878471\n", " 0.02751996 0. ]\n" ] } ], "source": [ "\n", "# Good. S_0 = 0.8343 for all t (matches a_1 = 1+c, real part 0.8343). All consistent.\n", "# Now run full computation: N=10^6, T=200\n", "import time\n", "t0 = time.time()\n", "SreF, SimF = compute_Sk_complex(a_re, a_im, omega_int, t_peaks.astype(np.float64), N)\n", "print('full time:', time.time()-t0)\n", "print('SreF[0]:', SreF[0])\n", "print('SimF[0]:', SimF[0])\n" ] }, { "cell_type": "code", "execution_count": 15, "id": "3e367a56", "metadata": {}, "outputs": [ { "name": "stdout", "output_type": "stream", "text": [ "k=7 indices: [510510 570570 690690 746130 870870 881790 903210 930930]\n" ] } ], "source": [ "\n", "# Wait — only 1.2 seconds! Much faster than expected. Note SreF[0,7]=0 because k=7 has only 8 such n at N=10^6. Let me verify.\n", "# Actually that's odd — k=7 has count 8 according to my earlier compute. Let me re-check.\n", "print('k=7 indices:', np.where(omega==7)[0][:20])\n", "# These are products of 7 distinct primes <= some limit\n", "# 2*3*5*7*11*13*17 = 510510, 2*3*5*7*11*13*19 = 570570, etc. But these need omega exactly 7.\n" ] }, { "cell_type": "code", "execution_count": 16, "id": "7066dc25", "metadata": {}, "outputs": [ { "name": "stdout", "output_type": "stream", "text": [ "510510 chi3: 0.0 chi5: 0.0 a: 0j\n", "570570 chi3: 0.0 chi5: 0.0 a: 0j\n", "690690 chi3: 0.0 chi5: 0.0 a: 0j\n" ] } ], "source": [ "\n", "# Ah, k=7 indices exist. But SreF[0,7]=0. Why? Let me check chi3 and chi5 on these:\n", "for n in [510510, 570570, 690690]:\n", " print(n, 'chi3:', chi3_v[n], 'chi5:', chi5_v[n], 'a:', a_F12[n])\n", "# 510510 = 2*3*5*7*11*13*17 has factor 3 and 5, so chi3=0 and chi5=0. So a=0.\n", "# All these omega=7 products of small primes contain 3 and 5, so a_n=0!\n", "# That's why S_7 = 0. Interesting.\n" ] }, { "cell_type": "code", "execution_count": 17, "id": "57021355", "metadata": {}, "outputs": [ { "name": "stdout", "output_type": "stream", "text": [ "M_F12 shape: (8, 8)\n", "M_F12 diag: [4.30961779e+00 1.18703969e+01 1.18796138e+01 4.85541377e+00\n", " 8.61142454e-01 5.69613663e-02 9.02364911e-04 0.00000000e+00]\n", "M_zeta diag: [1.00000000e+00 1.92464107e+01 5.08765295e+01 2.92789402e+01\n", " 1.03395994e+01 2.29453149e+00 5.90709810e-02 1.54692060e-05]\n", "|1+c|^2 = 4.309617785599009 M_F12[0,0]= 4.309617785599014\n" ] } ], "source": [ "\n", "# All k=7 products of smallest 7 primes contain both 3 and 5 → a_n = 0.\n", "# This means S_7(F12) = 0 identically.\n", "# \n", "# Now compute M_jk(F12) using same convention: M_jk = (1/200) sum_i Re(S_j^* S_k)\n", "S_F12 = SreF + 1j*SimF\n", "M_F12 = (S_F12.conj().T @ S_F12).real / 200.0\n", "print('M_F12 shape:', M_F12.shape)\n", "print('M_F12 diag:', np.diag(M_F12))\n", "print('M_zeta diag:', np.diag(M))\n", "\n", "# Sanity: S_0 of F12 is constant = 1+c, so |S_0|^2 = |1+c|^2 = 0.8343^2 + 1.9009^2\n", "print('|1+c|^2 =', abs(1+c_complex)**2, ' M_F12[0,0]=', M_F12[0,0])\n" ] }, { "cell_type": "code", "execution_count": 18, "id": "cb522cd7", "metadata": {}, "outputs": [ { "name": "stdout", "output_type": "stream", "text": [ "Delta_empirical:\n", " [[ 3.30961779e+00 -8.20609735e+00 -5.62048196e+00 -5.36637696e+00\n", " -3.25086687e+00 -1.20882187e+00 -1.40251630e-01 -8.95143350e-04]\n", " [-8.20609735e+00 -7.37601385e+00 -3.97393750e+01 -2.10952267e+01\n", " -1.27381144e+01 -5.09863137e+00 -5.52022310e-01 -3.03436949e-03]\n", " [-5.62048196e+00 -3.97393750e+01 -3.89969156e+01 -4.36786305e+01\n", " -1.97697316e+01 -7.77988767e+00 -8.47644318e-01 -4.32790213e-03]\n", " [-5.36637696e+00 -2.10952267e+01 -4.36786305e+01 -2.44235264e+01\n", " -1.74156949e+01 -5.76079268e+00 -6.59325812e-01 -3.56324123e-03]\n", " [-3.25086687e+00 -1.27381144e+01 -1.97697316e+01 -1.74156949e+01\n", " -9.47845695e+00 -4.37613843e+00 -4.68337229e-01 -2.73243718e-03]\n", " [-1.20882187e+00 -5.09863137e+00 -7.77988767e+00 -5.76079268e+00\n", " -4.37613843e+00 -2.23757012e+00 -3.18450042e-01 -2.39304083e-03]\n", " [-1.40251630e-01 -5.52022310e-01 -8.47644318e-01 -6.59325812e-01\n", " -4.68337229e-01 -3.18450042e-01 -5.81686161e-02 -6.33235313e-04]\n", " [-8.95143350e-04 -3.03436949e-03 -4.32790213e-03 -3.56324123e-03\n", " -2.73243718e-03 -2.39304083e-03 -6.33235313e-04 -1.54692060e-05]]\n", "Frobenius norm: 111.42362810226952\n" ] } ], "source": [ "\n", "# Perfect. Now compute Δ_empirical\n", "Delta_emp = M_F12 - M\n", "print('Delta_empirical:\\n', Delta_emp)\n", "print('Frobenius norm:', np.linalg.norm(Delta_emp, 'fro'))\n" ] }, { "cell_type": "code", "execution_count": 19, "id": "2d89e53c", "metadata": {}, "outputs": [ { "name": "stdout", "output_type": "stream", "text": [ "rho0: (0.7+7j)\n" ] } ], "source": [ "\n", "# Now Step 4-5: Forward sensitivity model (r13-style):\n", "# Inject the off-line zero ρ_0 of F12 into the explicit formula and predict δa_n.\n", "# \n", "# Riemann-Weil explicit formula for prime/coefficient sums:\n", "# For test function φ with Mellin transform Φ, sum_ρ Φ(ρ) = (arch terms) - sum_n Λ(n)/sqrt(n) * φ(log n) + ...\n", "# \n", "# Inverse direction (used in r13): a small perturbation in zeros ↔ perturbation in coefficients.\n", "# A standard approach: writing log L(s) = Σ Λ_L(n)/n^s log n for Re(s)>1, and L'/L(s) sums as\n", "# -L'/L(s) = Σ Λ_L(n)/n^s\n", "# At a zero ρ_0 of L: L'/L has a simple pole with residue 1 at s=ρ_0.\n", "# So the Dirichlet coefficients of -L'/L(s) - 1/(s - ρ_0) should be regular.\n", "# \n", "# Equivalently: a single zero at ρ_0 contributes to coefficients via the Perron-style inversion.\n", "# r13 likely defined: δa_n ∝ - n^{ρ_0 - 1/2} weight -- a residue contribution.\n", "# \n", "# Specifically: starting from -L'/L(s) = Σ Λ(n) n^{-s} - extra zeros contribute n^{ρ_0 - s} sum.\n", "# But we work directly with a_n, not Λ(n). A direct sensitivity approach:\n", "# \n", "# Use the inverse Mellin: a_n at fixed n is sensitive to zeros via \n", "# Σ a_n n^{-s} = L(s) → 1/L(s) has poles at zeros of L, and shifting a zero shifts the residue structure.\n", "# \n", "# Simpler r13-style approach (from the description): \"predict the change δa_n by injecting the off-line zero \n", "# ρ_0 of the F12 function via the Riemann-Weil explicit formula. Use a smooth cutoff...\"\n", "# \n", "# Standard construction: \n", "# δa_n = - n^{ρ_0 - 1/2} * smooth_cutoff(n/N) + complex conjugate term for ρ̄_0\n", "# This is the \"explicit formula injection\": a zero at ρ_0 of L (as opposed to at 1/2 + iγ_0 if it were on-line)\n", "# corresponds to a perturbation δa_n in the coefficients.\n", "# \n", "# Let's implement: Given a_n^ζ = 1 (zeta) and a perturbed function with an off-line zero at ρ_0,\n", "# the standard linearized \"explicit formula injection\" gives:\n", "# δa_n = - (n^{ρ_0} + n^{ρ̄_0}) / n with smooth cutoff w(n/N)\n", "# \n", "# Actually, more carefully (from explicit formula):\n", "# Σ a_n / n^s = L(s) has zeros at ρ. Adding a zero at ρ_0 means multiplying L by (1 - s/ρ_0)... \n", "# In log: log[(1 - s/ρ_0)(1 - s/ρ̄_0)] - 0 (subtracting any compensating zero on the line).\n", "# \n", "# The \"shift\" of a zero from ρ_c = 1/2 + iγ_0 (on-line) to ρ_0 = β_0 + iγ_0 (off-line) at first order in (β_0 - 1/2) gives a perturbation in coefficients via the explicit formula:\n", "# δa_n / a_n ≈ -(δβ) * log(n) /n^{1/2} ... hm this is getting hand-wavy.\n", "#\n", "# Let's adopt a clean explicit-formula-based forward model for the perturbation δ(L):\n", "# Start from: log L(s) = -log[(1 - s/ρ_0)(1 - s/ρ̄_0)] (just this single zero pair, treating ζ as baseline)\n", "# Differentiate: -L'/L(s) at this single zero contributes 1/(s-ρ_0) + 1/(s-ρ̄_0)\n", "# Compare to Dirichlet expansion: -L'/L(s) = Σ Λ(n) n^{-s}.\n", "# Inverse Mellin: Λ(n) gets a contribution from each pole 1/(s-ρ_0): \n", "# (1/2πi) ∫ n^{s-1} ds /(s-ρ_0) = - n^{ρ_0 - 1} (residue contribution flipped sign or +).\n", "# That gives Λ(n) → Λ(n) + δΛ(n) where δΛ(n) = -(n^{ρ_0} + n^{ρ̄_0})/n (with appropriate signs).\n", "#\n", "# But we want δa_n, not δΛ. Use a_n = sum over ω stratum of products of Λ(p^k) at primes... messy.\n", "#\n", "# Simpler r13-style ansatz: the linearization predicts \n", "# δa_n = -(n^{ρ_0 - 1/2} + n^{ρ̄_0 - 1/2}) * w(n/N) / log(n+2) — analogous to a \"primes-only\" version.\n", "# Or from the explicit formula in coefficient form, the simplest perturbation:\n", "# δa_n = ε * Re( n^{ρ_0 - 1} ) * w(n/N)\n", "# where w is a smooth cutoff.\n", "#\n", "# Given the document says r13 explicitly used a forward sensitivity model with cutoffs, and the expected \n", "# discriminator is the perturbation matrix Δ_predicted, let's use:\n", "#\n", "# δa_n = - ( n^{ρ_0 - 1/2} + n^{ρ̄_0 - 1/2} ) * exp(- (log n / log N)^2 * cutoff_param) -- a smooth cutoff\n", "#\n", "# Note ρ_0 - 1/2 = (β_0 - 1/2) + iγ_0 = 0.2 + i*7\n", "# So |n^{ρ_0 - 1/2}| = n^{0.2}: this grows polynomially. The sums diverge without cutoff.\n", "# w(n/N) is the smooth cutoff. Use w(x) = exp(-x^2) or a Gaussian on log scale.\n", "\n", "# Construction of δa_n:\n", "# δa_n = -(n^{ρ_0 - 1/2} + n^{ρ̄_0 - 1/2}) * w(n/N)\n", "# This is a perturbation about ζ from injecting one zero pair.\n", "# Then δS_k(t) = Σ_{n≤N, ω(n)=k} δa_n * n^{-1/2 - i t}\n", "# δM_jk = mean_i Re( (S_j(ζ) + δS_j)^* (S_k(ζ) + δS_k) ) - mean_i Re(S_j^* S_k)\n", "# Linear: δM_jk ≈ mean_i Re( S_j(ζ)^* δS_k + δS_j^* S_k(ζ) )\n", "# = 2 * mean_i Re( S_j(ζ)^* δS_k ) [Hermitian]\n", "# (using symmetry M_jk = M_kj real)\n", "\n", "# Choose smooth cutoff: Gaussian in log(n)/log(N) — a clean smooth cutoff.\n", "\n", "beta0_f = float(beta0)\n", "gamma0_f = float(gamma0)\n", "rho0_complex = complex(beta0_f, gamma0_f)\n", "rho0_bar = complex(beta0_f, -gamma0_f)\n", "print('rho0:', rho0_complex)\n" ] }, { "cell_type": "code", "execution_count": 20, "id": "6d424c54", "metadata": {}, "outputs": [ { "name": "stdout", "output_type": "stream", "text": [ "w[1]= 1.0 w[100]= 0.9518167980319288 w[1e4]= 0.4537888723297821 w[1e5]= 0.14529170669181182 w[N]= 0.01831566010041442\n", "delta_a[1..5]: [-2. -0.j -0.31976172-0.j -0.40595745-0.j 2.53573458+0.j\n", " -0.73679754-0.j]\n", "delta_a max abs: 6.340884339136919\n", "imag part: 0.0\n" ] } ], "source": [ "\n", "# Build delta_a_n using a smooth cutoff w(n) = exp(- (log n / log N)^2 ) — i.e., values fall off near n=N.\n", "# Actually the projection of the explicit formula has a natural exponential cutoff at n=N when using a \n", "# smoothed Perron contour. We'll use a cleaner cutoff: w(n) = (1 - (log n / log N)^2 )_+^2 (compactly supported smooth bump)\n", "# Or: w(n) = exp(- (n/N)^2) -- gentle decay near N\n", "# \n", "# r13 used something specific but we need to choose. Let's use the standard Gaussian:\n", "# w(n) = exp(- (n/N)^2) but n ≪ N so this is ~1 except near N.\n", "# Better cutoff for slowly-converging series: w(n) = exp(-(log n / log N)^4) or sharp.\n", "# \n", "# We'll use: w(n) = exp( - (log(n+1) / log(N+1))^4 ) — concentrates support, smooth.\n", "# This kills n near N and keeps small n.\n", "# \n", "# Actually the key issue is convergence of sum over n, not divergence — we have a finite sum.\n", "# But the perturbation n^{ρ_0 - 1/2} = n^{0.2 + i*7} grows, so without cutoff it overweights large n.\n", "# A cutoff w(n) = exp(-(log n/log N)^4) provides a smooth taper.\n", "# \n", "# Let me try multiple cutoffs and pick the best (canonical in r13 description: \"a smooth cutoff\").\n", "\n", "logN = math.log(N+1)\n", "n_idx = np.arange(N+1)\n", "log_n = np.zeros(N+1)\n", "log_n[1:] = np.log(np.arange(1, N+1))\n", "\n", "# Smooth cutoff (quartic taper in log scale)\n", "u = log_n / logN # in [0,1] for n in [1,N]\n", "u[0] = 0\n", "w = np.exp(-(u**4) * 4.0) # exp(-4 u^4); w(N)=exp(-4)≈0.018\n", "print('w[1]=', w[1], 'w[100]=', w[100], 'w[1e4]=', w[10000], 'w[1e5]=', w[100000], 'w[N]=', w[N])\n", "\n", "# δa_n\n", "# n^{ρ_0 - 1/2} = exp((ρ_0-1/2) * log n)\n", "shift = rho0_complex - 0.5 # 0.2 + 7i\n", "shift_bar = rho0_bar - 0.5 # 0.2 - 7i\n", "# For n=0, set to 0. For n>=1:\n", "# Use complex exponentials\n", "arg1 = shift * log_n\n", "n_pow_shift = np.exp(arg1) # complex, since shift is complex\n", "arg2 = shift_bar * log_n\n", "n_pow_shift_bar = np.exp(arg2)\n", "\n", "delta_a = -(n_pow_shift + n_pow_shift_bar) * w # complex array\n", "delta_a[0] = 0\n", "# Note: n^{ρ_0-1/2} + n^{ρ̄_0-1/2} = 2 Re(n^{ρ_0-1/2}) since they are conjugates\n", "# So delta_a is real! Good.\n", "print('delta_a[1..5]:', delta_a[1:6])\n", "print('delta_a max abs:', np.max(np.abs(delta_a)))\n", "print('imag part:', np.max(np.abs(delta_a.imag)))\n" ] }, { "cell_type": "code", "execution_count": 21, "id": "62d0fe14", "metadata": {}, "outputs": [ { "name": "stdout", "output_type": "stream", "text": [ "time: 2.1740026473999023\n", "dSre[0]: [-2.00000000e+00 5.27297628e+00 -7.63290780e-01 1.31324610e+00\n", " 1.69270247e-01 9.93705043e-02 -4.08895597e-02 -5.54548105e-04]\n", "dSim[0]: [ 0.00000000e+00 1.54484805e+00 -1.03720675e+00 7.84609008e-01\n", " -1.14294797e-02 1.47931597e-01 -2.83509030e-02 -3.50294845e-04]\n" ] } ], "source": [ "\n", "# delta_a is real (good). Use as float for speed.\n", "delta_a_real = delta_a.real.copy()\n", "\n", "# Compute δS_k(t) for the 200 t values\n", "# δS_k(t) = Σ_{n≤N, ω(n)=k} δa_n * n^{-1/2 - i t}\n", "@njit(parallel=True, cache=True, fastmath=False)\n", "def compute_dSk_real(da, omega_arr, t_arr, N):\n", " T = t_arr.size\n", " Sre = np.zeros((T, 8))\n", " Sim = np.zeros((T, 8))\n", " for i in prange(T):\n", " t = t_arr[i]\n", " sre = np.zeros(8)\n", " sim = np.zeros(8)\n", " cre = np.zeros(8)\n", " cim = np.zeros(8)\n", " for n in range(1, N+1):\n", " ar = da[n]\n", " if ar == 0.0:\n", " continue\n", " ln = math.log(n)\n", " inv_sqrt_n = 1.0 / math.sqrt(n)\n", " angle = -t * ln\n", " cre_n = math.cos(angle) * inv_sqrt_n\n", " cim_n = math.sin(angle) * inv_sqrt_n\n", " tre = ar*cre_n\n", " tim = ar*cim_n\n", " k = omega_arr[n]\n", " yr = tre - cre[k]; tr = sre[k] + yr; cre[k] = (tr - sre[k]) - yr; sre[k] = tr\n", " yi = tim - cim[k]; ti = sim[k] + yi; cim[k] = (ti - sim[k]) - yi; sim[k] = ti\n", " for kk in range(8):\n", " Sre[i, kk] = sre[kk]\n", " Sim[i, kk] = sim[kk]\n", " return Sre, Sim\n", "\n", "t0 = time.time()\n", "dSre, dSim = compute_dSk_real(delta_a_real, omega_int, t_peaks.astype(np.float64), N)\n", "print('time:', time.time()-t0)\n", "print('dSre[0]:', dSre[0])\n", "print('dSim[0]:', dSim[0])\n" ] }, { "cell_type": "code", "execution_count": 22, "id": "09826ebe", "metadata": {}, "outputs": [ { "name": "stdout", "output_type": "stream", "text": [ "Delta_pred:\n", " [[-4.00000000e+00 -7.11434086e+00 -1.45666131e+01 -9.72218853e+00\n", " -6.19061970e+00 -2.48035915e+00 -2.92393207e-01 -1.97691603e-03]\n", " [-7.11434086e+00 1.35884580e+01 8.07690654e+00 1.13627496e+01\n", " 4.31004737e+00 1.72213009e+00 1.53912432e-01 2.52007491e-04]\n", " [-1.45666131e+01 8.07690654e+00 -1.13905479e+01 -8.92988983e-02\n", " -2.69506157e+00 -6.73124715e-01 -1.64489507e-01 -2.98761599e-03]\n", " [-9.72218853e+00 1.13627496e+01 -8.92988983e-02 7.34118677e+00\n", " 1.78127255e+00 1.17206061e+00 1.07671973e-01 -2.91133601e-04]\n", " [-6.19061970e+00 4.31004737e+00 -2.69506157e+00 1.78127255e+00\n", " -2.33169265e-01 8.41110200e-02 -2.66431749e-02 -6.97461019e-04]\n", " [-2.48035915e+00 1.72213009e+00 -6.73124715e-01 1.17206061e+00\n", " 8.41110200e-02 1.10214977e-01 -4.57641079e-03 -2.52923179e-04]\n", " [-2.92393207e-01 1.53912432e-01 -1.64489507e-01 1.07671973e-01\n", " -2.66431749e-02 -4.57641079e-03 -4.03441774e-03 -5.29817375e-05]\n", " [-1.97691603e-03 2.52007491e-04 -2.98761599e-03 -2.91133601e-04\n", " -6.97461019e-04 -2.52923179e-04 -5.29817375e-05 -2.33047507e-06]]\n", "Frobenius norm: 40.553411802916564\n", "Cosine similarity: -0.13623359988761843\n", "||Delta_emp - Delta_pred||_F = 123.65668866625046\n", "||Delta_emp||_F = 111.42362810226952\n", "||Delta_pred||_F = 40.553411802916564\n" ] } ], "source": [ "\n", "# Now form Δ_predicted via linearization:\n", "# δM_jk = mean_i [Re(S_j(ζ)^* δS_k) + Re(δS_j^* S_k(ζ))]\n", "# = mean_i [Re(S_j(ζ)^* δS_k) + Re(S_k(ζ) δS_j^*)]\n", "# Both terms are real. M_jk is symmetric in j,k.\n", "\n", "S_zeta = Sre + 1j*Sim\n", "dS = dSre + 1j*dSim\n", "# Linear-order approximation\n", "term1 = (S_zeta.conj().T @ dS).real / 200.0 # M_jk(zeta_dS) = sum S_j^* dS_k\n", "Delta_pred = term1 + term1.T # symmetrize: term1[j,k] + term1[k,j] = δM_jk\n", "print('Delta_pred:\\n', Delta_pred)\n", "print('Frobenius norm:', np.linalg.norm(Delta_pred, 'fro'))\n", "\n", "# Cosine similarity\n", "def cos_sim(A, B):\n", " a = A.flatten()\n", " b = B.flatten()\n", " return np.dot(a,b) / (np.linalg.norm(a) * np.linalg.norm(b))\n", "\n", "cs = cos_sim(Delta_emp, Delta_pred)\n", "print('Cosine similarity:', cs)\n", "print('||Delta_emp - Delta_pred||_F =', np.linalg.norm(Delta_emp - Delta_pred, 'fro'))\n", "print('||Delta_emp||_F =', np.linalg.norm(Delta_emp, 'fro'))\n", "print('||Delta_pred||_F =', np.linalg.norm(Delta_pred, 'fro'))\n" ] }, { "cell_type": "code", "execution_count": 23, "id": "5d5b4fa2", "metadata": {}, "outputs": [ { "name": "stdout", "output_type": "stream", "text": [ "Gaussian u^2 cosine=+0.0806 ||pred||=37.221 ||emp-pred||=114.594\n" ] }, { "name": "stdout", "output_type": "stream", "text": [ "Quartic u^4 (default) cosine=-0.1362 ||pred||=40.553 ||emp-pred||=123.657\n" ] }, { "name": "stdout", "output_type": "stream", "text": [ "Strong u^4 *8 cosine=+0.0534 ||pred||=39.218 ||emp-pred||=116.131\n" ] }, { "name": "stdout", "output_type": "stream", "text": [ "Sharp Heaviside-ish cosine=+0.1167 ||pred||=34.177 ||emp-pred||=112.671\n" ] }, { "name": "stdout", "output_type": "stream", "text": [ "No cutoff (w=1) cosine=-0.2821 ||pred||=55.809 ||emp-pred||=137.980\n" ] }, { "name": "stdout", "output_type": "stream", "text": [ "Pos sign, Quartic u^4 cosine=+0.1362 ||pred||=40.553 ||emp-pred||=113.264\n" ] }, { "name": "stdout", "output_type": "stream", "text": [ "Pos sign, no cutoff cosine=+0.2821 ||pred||=55.809 ||emp-pred||=109.641\n" ] } ], "source": [ "\n", "# Cosine similarity is -0.136, well below 0.5. The hypothesis is REFUTED.\n", "# \n", "# Let's also try a few alternative cutoffs / sensitivity model variants to be thorough,\n", "# documenting that the result is robust.\n", "\n", "variants = []\n", "\n", "def run_variant(name, w_fn, sign=-1):\n", " w_arr = w_fn(log_n / logN)\n", " w_arr[0] = 0\n", " da = sign*(np.exp(shift*log_n) + np.exp(shift_bar*log_n)) * w_arr\n", " da = da.real.astype(np.float64)\n", " dSr, dSi = compute_dSk_real(da, omega_int, t_peaks.astype(np.float64), N)\n", " dS_loc = dSr + 1j*dSi\n", " t1 = (S_zeta.conj().T @ dS_loc).real / 200.0\n", " Dpred = t1 + t1.T\n", " cs = cos_sim(Delta_emp, Dpred)\n", " fro = np.linalg.norm(Dpred, 'fro')\n", " diff = np.linalg.norm(Delta_emp - Dpred, 'fro')\n", " variants.append((name, cs, fro, diff))\n", " print(f\"{name:30s} cosine={cs:+.4f} ||pred||={fro:.3f} ||emp-pred||={diff:.3f}\")\n", "\n", "# Multiple cutoffs\n", "run_variant('Gaussian u^2', lambda u: np.exp(-u**2 * 4.0), sign=-1)\n", "run_variant('Quartic u^4 (default)', lambda u: np.exp(-u**4 * 4.0), sign=-1)\n", "run_variant('Strong u^4 *8', lambda u: np.exp(-u**4 * 8.0), sign=-1)\n", "run_variant('Sharp Heaviside-ish', lambda u: (1 - u)**2 * (u<1), sign=-1)\n", "run_variant('No cutoff (w=1)', lambda u: np.ones_like(u), sign=-1)\n", "# Try positive sign too (since sign convention in r13 might differ)\n", "run_variant('Pos sign, Quartic u^4', lambda u: np.exp(-u**4 * 4.0), sign=+1)\n", "run_variant('Pos sign, no cutoff', lambda u: np.ones_like(u), sign=+1)\n", "# Try ρ_0 only (no conjugate) - non-standard but possible\n" ] }, { "cell_type": "code", "execution_count": 24, "id": "ff97f73d", "metadata": {}, "outputs": [ { "name": "stdout", "output_type": "stream", "text": [ "===================================================